trail_a_id,trail_b_id,samples_a,samples_b,ind_a,ind_b,same_individual,fold,pipeline,selection_method,reducer,outlier_method,scaler_method,k_features,n_components,comparison_id,min_observations,max_observations,use_sexmodel_prediction,avg_proba_A_0,avg_proba_A_1,avg_proba_B_0,avg_proba_B_1,avg_proba_R_0,avg_proba_R_1,center_a_x,center_a_y,center_b_x,center_b_y,center_r_x,center_r_y,coords_a_x,coords_a_y,coords_b_x,coords_b_y,coords_r_x,coords_r_y,selected_features,selected_scores,dist_euclidean,mean_euclidean_between,median_euclidean_between,mean_euclidean_within_a,median_euclidean_within_a,mean_euclidean_within_b,median_euclidean_within_b,dist_manhattan,mean_manhattan_between,median_manhattan_between,mean_manhattan_within_a,median_manhattan_within_a,mean_manhattan_within_b,median_manhattan_within_b,dist_cosine,mean_cosine_between,median_cosine_between,mean_cosine_within_a,median_cosine_within_a,mean_cosine_within_b,median_cosine_within_b,dist_chebyshev,mean_chebyshev_between,median_chebyshev_between,mean_chebyshev_within_a,median_chebyshev_within_a,mean_chebyshev_within_b,median_chebyshev_within_b,dist_canberra,mean_canberra_between,median_canberra_between,mean_canberra_within_a,median_canberra_within_a,mean_canberra_within_b,median_canberra_within_b,dist_braycurtis,mean_braycurtis_between,median_braycurtis_between,mean_braycurtis_within_a,median_braycurtis_within_a,mean_braycurtis_within_b,median_braycurtis_within_b,pred
f818_a,f818_b,"['90', '91', '92', '93', '94', '95', '96']","['97', '98', '99', '100', '101', '102']",f818,f818,True,0,lasso_no_out_standard_k20_lda_nc2_sex_on,lasso,lda,,standard,20,2,0,6,7,True,0.9968276619911194,0.0031722497660666704,0.9951664805412292,0.004833574872463942,0.5238365530967712,0.47616347670555115,-2.4765692604244474,1.1886898454047632,-2.940277098837907,-1.1746652969738052,0.091087623479163,-0.0033146800416418154,"[-3.2662115161181418, -1.5029144356023807, -2.872025367533558, -2.491979184783613, -2.1753855147366874, -1.936978225935473, -3.0904905782612757]","[1.2822586503263178, 1.533659354880091, 1.776150166161686, 0.9562282182721725, 1.5145771160071366, 0.8448690605656606, 0.41308635162027885]","[-3.2902043824080667, -2.4594720319660675, -2.3253868511654914, -3.0792142930483744, -3.335420321896595, -3.151964712542849]","[-3.6076228198256306, -1.0383889876223695, -0.16804084930938523, -1.9452146039456688, -0.047152794012939876, -0.24157172712683833]","[0.23306999965282635, 0.10433782712747823, 1.5098442631109927, -2.477888959398819, 1.180282252601482, -1.2504331278458591, -1.4619318793938334, -1.9569106932759617, -0.6880152200101901, -0.8184321696176176, -0.11908187816386187, -1.0179613230383937, -1.4098982370355577, -0.28652138637325275, -0.8350940436062886, 0.6625764584530321, -0.14712694827754458, -0.07296307063651897, -1.6942576180437972, -2.350627348991092, -0.11483946729036858, -1.2414146624345836, -0.3976739608636182, 1.0603185037247702, 0.8093574917363299, 0.28120990471741686, 0.4813848014206958, -0.15199155093790032, 0.9371986491378539, -0.21057095705597578, -0.061991442730912276, 1.5827256871705064, -1.0995551795998932, 0.2188630106770897, -0.6388758153955815, -0.6886054385488386, -0.14366112986468446, -1.035979828581609, -0.6564441889337801, 0.8538789822786715, 0.6493756971821487, 0.12693294560063165, -0.5080774346316164, 0.5485892502088405, -0.0456143699880036, 0.4561059950457393, -1.3471833522250034, -0.8729840231473677, 0.6771766301331438, 0.2767815362515917, 1.0548920957256476, 0.9815355549672494, 0.29481588582031276, -0.7866611444930517, -0.8253745672281642, -0.1469024854971844, 0.20801606405451026, 0.2207254988577572, -0.32453269107360344, -0.490131602086551, 0.5881770852741894, 1.3437404343025594, 0.8183889042166433, 0.7918039015070676, -0.5101923522582349, 0.36269986600656234, 0.4711556593262109, 0.6799116477050613, 1.0738092879706436, 0.18159376844224193, 0.6317828565320954, 1.1555105811249369, 0.13412974509460998, 0.7237645622180234, -0.12210040488950583, 0.09052052810629156, -0.5208223950568847, 0.5085259283226481, -1.243588578282228, -2.412010577239053, -1.8255044167446401, -1.2923890087493313, -0.8003355683723079, -1.5469451007600654, -0.6043276165803018, 1.0217500877966745, -2.540794582414886, -0.7403911235398257, -1.4422270895891103, -1.1649771265946767, -2.4482714868707975, -1.2702657270938353, -1.3579893925253235, -1.98865999769275, -0.7556661683567414, -0.7871594635173069, 0.7764136871463336, 0.286542728951752, 1.5955719375394541, -1.1110099731824383, 0.10420156992963371, 1.6745789752139277, 0.704772844490071, 0.09561297867999138, 0.8040177087898848, 1.080992406231412, -0.2766890420914608, -0.5051195159877255, 2.1276890177674925, 1.2334586669423333, 0.197082956504547, 1.5192568259808508, 0.3453260449158771, 1.5222608586231814, -0.4061306750769349, 0.27418897827887706, 0.45589900929171456, 0.48505228218891766, -0.7882319290506181, 0.37477991543114586, 0.8385321886500088, 1.2316654795581665, 1.404013341215258, 0.5364587938844357, 0.03937042706530849, 0.5579576158127506, 1.3943040438270944, 0.9460227921762673, 0.2746052001440034, -0.4495337473820067, 0.5174595280558847, 0.7257864288145336, 0.7076625514357096, 0.49098288035112775, 1.494050113129352, 1.7669936418713053, -0.38712201682065184, -0.32300639962456196, 0.6875475796002432, -0.9300529049706635, -0.08346683791794514, -0.706158868496189, -0.4728440405147694, -0.513844194912055, -1.3340345241570457, -0.4415707793972764, -1.5315658650059256, -1.4385758095620227, 1.1922564350365177, 0.48369012905496533, -0.5896897226007989, -0.15343802002184687, 0.026889951600766553, -0.6864314702017574, 0.4731357422275622, 0.9360066982385287, 0.35363683501868626, 0.8113661354347922, 0.70962565346064, 0.5705042437959423, 0.9623218573031702, 0.7280686584875983, 0.4172425435705581, 0.6134658480502043, 0.5475123933327055, -0.04888813238672768, 0.10005808575054213, -0.12661732413737556, -0.1342813584776763, 0.33504452011136776, -1.2382464127015702, 1.5096618983062922, -0.14589633299230995, -0.15196436761376317, -0.661059939126272, 0.24827845621725814, -0.683675376057778, -0.5331395508183346, -0.40102534099897574, 0.1477682117231157, -0.6645880298588733, -0.3928068318853926, 0.889891602899038, 1.2061136156794994, -0.6213404199075322, -0.4841306944037121, 0.04002268266708739, -0.2972120762659732, -0.8248360476846638, -0.9885468353067977, 0.16526781041708194, -1.120058765425892, -1.1424050830014338, -0.5265827809775758, -0.4853020375455283, -1.9897591841063633, -0.6657351516347524, -0.3413163255402167, -0.6247073173807809, -0.9167243390525818, -1.0725667731354378, 1.082431138418511, -1.1778324131217832, -1.79800486801859, -0.7931765967428469, -1.100893216538571, -0.9956146599506699, -1.619294828456148, -0.5783914880839889, 0.6196952786634902, 0.10340409418556643, 0.14547541210038134, 1.1321066766211196, -0.504922877031493, 0.2856123939307443, -0.437754252351108, 0.7135752929423131, 0.36447313993390446, -0.04009313942257681, -1.3449244408162815, -0.5717682571689674, 0.5356471296856671, 1.5258678754217117, 1.5890525908784756, 1.083437031250451, 0.29613376312633405, 0.8728148302232437, -0.9817530833814144, 0.209124038157647, 0.12386515785515227, -0.8927004719467334, 1.3375673621991517, 0.325597286515815, 1.174122543328738, -0.20315092994482944, 0.5115522070465315, -0.6116994858979921, 0.6171907684901864, 1.4829629628142462, 2.2564340118725372, 0.5175201535685717, 0.5321838000187612, 0.36996339586399735, 0.6110253500002936, -0.34263887590882763, 1.1913261400401076, 0.7575490461969939, 0.23407968132713325, 0.7174202334629075, 0.39028994265989114, 0.9643305332914731, 0.3997035060136675, 0.6327059608464123, 1.2483135705521073, 0.5098181968818105, -1.3859348701272418, 0.971339712542763, 2.8108133929209957, 1.9740487240761995, 3.0246392776552473, 0.4663444192601893, 0.4232830412387784, 1.2530386359607222, 0.3477798855107281, 0.8901963639112048, 2.3172752950251665, 0.23344696205363652, -0.24413747416309226, 0.7742713426308524, 1.0005935270784285, 0.26146346830720846, 0.13410771577145095, -0.45613331390417106, 0.9521245924235728, -0.4883711969348473, 1.3288466156057774, 0.7612524138056544, -0.2265747747803524, 1.1123262673494094, 0.8441404537956936, 0.0963199810634316, 0.683943758658871, 1.3952026087106966, -0.7027808983787708, 0.16692389828905208, -1.5234662997660737, 1.3954021521081272, 1.7675363997062807, -1.0952082154056875, 0.25948312157047454, -1.6651748634429226, -0.27719859001079733, 1.684281096181132, 1.1686105924974164, 1.2351516821118025, 0.6157671029666588, 0.7639735947379783, 0.27969965074498476, 0.9720947966793682, 0.8654278648785397, 0.27348811781184745, 1.0115293128464313, -0.33246652593025805, -1.4053955381568877, 0.4684706468832356, 0.43178317647001785, 0.6025623534385619, -0.4934253140778066, 0.442320931929433, 1.5705346984007615, 0.15449976004773322, 0.20951640994352028, -1.3650448936469828, 0.11564193402587614, 0.6534183183638197, 0.0859443902515053, -0.44764300534926227, 0.18975541176440797, -1.3080723649925863, -0.6953931315084305, 1.1555373579641517, -0.2605873627012115, -0.030373901614345868, -0.3730571406982712, 1.1211890830220244, -0.6301421082745599, 0.35234758902319485, 0.6010878198450018, 0.5665895966102327, -0.5788649457918098, 0.48683472317142296, 2.670956693658061, 3.0961660545422527, 1.4553852330583763, 0.9803613207598666, 0.4346733506880176, 3.3062694012558014, 3.203155026852341, 2.727888349862035, 0.7365825912428612, -1.2284375601782263, -1.1955489896407492, -0.45796976193787237, -0.32215073877455225, -1.247340466894166, 2.035096240095091, 0.22320842730287144, -0.2999355033779072, 0.6365244626116874, 0.4058889768853205, 0.1959930509063499, -1.2284375601782263, -0.27407068354706143, 0.3636991676017589, 0.7646655249587377, -1.0977576483683031, 1.5091498901719957, 0.8870595680008837, -0.3764174670409967, -0.18906419103403369, -1.4864317369201476, 0.9650815852298782, 1.4476917974426393, -0.572198454829959, -0.09476752206818022, -0.26535300104859333, 0.3133882610219928, 0.5739588769825407, -0.16460772586614447, -1.2780351234534177, -1.8247681177644024, -1.0806467828717612, 1.949755200386106, -1.0018967353138406, -1.208636851727059, -0.902444185605054, -0.5776224695051956, -1.9413767884088753, -1.5871765510924463, -1.0773797138886043, -0.19414827585428168, -0.19979508407990296, -1.1845948567431261, 0.8820996932734152]","[1.0548658484981719, -1.806278821007542, -0.11666939336249639, 0.043818593190086165, 0.5049660206359227, 0.8631945198230068, 1.1599143722880714, 0.6254844901894749, -0.5039341862166841, -0.17920646061167103, -1.7438751921387148, 1.1712960031770305, -0.05041216152953568, 0.1281262657735539, 0.7105698010616585, -0.04389637199309848, -0.33204466833791907, -0.9415627283565332, 0.644761272869201, 0.08485502723063386, -0.644713275100073, -0.20625962284011082, -1.3773408023299798, 0.9360031767389857, 0.09999346355965004, 0.056820987043891796, 1.1443022670369989, 1.8703817753331964, -0.7018733152858858, -0.5370449168073934, 0.09146660252403274, -0.8664977451430756, 0.8397776182250252, -0.5996065361696108, -0.6114149708834842, -1.4233837241776575, -0.884284354344421, -1.4723259247178555, 0.4803745059375547, -0.2749575133146792, 0.21901236206750038, 0.018335804277517607, -0.3996468566147571, -0.21568170296016834, -0.8340366644618344, 0.07263096960975635, -1.034268839082569, -0.9581919140937234, 0.4081517102921084, -0.5762859110319065, 0.9189658209433438, 1.003313834918696, -0.22785445962924633, 1.5888967491204005, 0.5769026153608698, -0.16401537193800872, -0.1851285166774771, 0.7008621576900417, -1.2792588601675954, -0.6209555002624408, -0.46599464588243866, 0.25265412438788504, -0.34716029776694507, -1.7401836605113052, 0.5805499006204522, 0.8279230618590506, -0.13855256679837977, 0.017572321863889642, -1.802391104517914, -0.22936857702942112, -0.6312048995069953, -0.9365724889524837, -0.16165711613957204, -1.7768898068204444, -1.5312856170960343, -0.49052001327304073, 0.17193637028706474, 0.1520159160220403, 1.693208839060184, -0.4684027045918497, -0.8618467761691859, 1.8824066531908386, -0.8421220904797189, 0.22217672350842818, 0.5808357287993657, -1.0342473883470165, -0.3592438714854737, 0.5181400074652313, 0.4371537667863766, 3.108620975072967, -0.5698021259136323, 0.9464942534407098, 0.3978075442678214, -0.419956204927505, 0.4140046269624961, 2.3993908104366914, -0.0017794008761151522, -1.3211263084757705, 0.8472621091505301, -1.870511990297645, -1.4812895125095291, -0.9774245555458868, 2.881830843965728, -1.4494027235430962, 0.22845459265050416, 0.281814593856532, -2.3506728633842853, -1.769701787509309, -1.3650524944077653, 0.46151973244555383, -0.21379490282617894, 0.12272732481585563, -2.60593395763905, -1.4019972512643528, -0.02669356217795449, -0.5778620709779604, -0.8808409065315231, -0.19364606130973533, -0.2009629445599001, -0.8396412026761819, -0.6552488997667884, -0.8473003397219224, -0.8774020811633669, 0.10074259258442517, -0.556462110755209, -1.6701816621449435, -0.5583692957329349, 0.2191561934757047, 0.2826705441605119, -0.8202909696835091, -1.60635334829797, 0.25590737010029524, 1.261955036943156, -0.05522659005262362, -1.47442731326791, -0.20788276369044198, -0.5079587613595865, -1.0555974478699122, 1.0307485754627423, -1.1260887635869388, -1.1559340913557856, 0.20051792127487042, -1.2634655170564666, -0.40283628995423143, -1.049592965160276, -1.5742071060020162, 0.24456096309141895, -0.4698694495411951, 0.7625248518815386, 1.9029577356318885, 0.4202990366398143, 0.47217041206507593, -0.7574678957700347, 0.8119465378941332, 0.010208510081981058, -0.2544202883847852, 0.21095193654987232, 1.3933543539154725, -0.650129743877983, 0.037733481905168495, 0.2337858099034067, -2.8750578799215347, 0.25314930871328356, 0.32243268820959564, 2.663312049601431, -1.5031728719389377, -0.6429425155460259, -0.44251948281739195, -0.9374886004196833, 0.8221929085231051, 1.8255774248369194, -0.038504509890339156, 0.9622410908722531, 0.5188840237652181, -0.04529192170951736, 1.2947901443905343, 0.7665624065231209, 0.6487211449186856, -1.131666155455632, 1.8021355365511968, 1.1673182740239756, 0.7743474463296115, 1.1710197696316886, -0.14346602868095404, 0.1997170053371191, -0.37113199272910236, 0.21897076713532682, 0.3198409475139665, 0.5562321114256802, 0.15383997789970447, -0.1662183043230473, 0.03210794360620868, -0.3732670801616946, 0.32572277318498394, -2.1224004948172603, 1.7163832072383804, -0.42754824339756764, -0.06516731201283597, 0.6666594666483007, 0.6876700235965487, -1.7410269629321027, 0.2822940038039324, -0.11884983987765955, 0.3413765448524377, 0.5609702425785594, 0.03180489280088623, 0.0719515455700648, 0.15238473487372875, 0.8116420758606706, 0.4595896620463624, -0.7527983778912442, 1.3012850555282625, 0.6546349060367254, -1.2695015526266766, 0.023747363361230196, 1.2273185089061287, 0.6488559522164123, 1.124574045580509, 1.1617489009778514, -0.7466151034027573, -0.2571840770216116, 0.47688141306922244, 0.663495145774895, 0.007149087152822457, -0.30166510976131, -0.2677932246687734, 0.5529285434655294, -0.3045539510950591, -0.45329920068603385, 1.9144924003609842, -1.1648260402083013, -0.3895773299581144, 0.5121747947818186, 1.452339668132048, 0.23503799246609008, 0.4363128079157192, 0.8916270251808539, -0.08407435197495584, 0.13986926063443172, 1.8253305599441092, -0.037474680805881504, 0.18952527169997713, 1.294139944475006, -0.23702245670147143, -0.8780127897621294, 1.1389630559712391, 0.218134019924856, 0.6831449305395709, -0.19712463924938076, -0.2209367536140118, 0.17043933736487324, -0.011248280574196664, 0.6511249159770253, 1.42255119548901, 1.036499333797931, -0.05296062659053398, -0.8192458631794324, 2.2777563928580165, 0.8856292539137263, 2.6537061360698337, 1.0835490845220968, 0.01788728729199718, 1.3142166578340548, 0.6243664146643673, -0.6151017974074001, 0.8223512648003253, 0.015088173155861294, 0.3499885977463321, -1.1108859779912508, 1.264388207820635, -0.9921876159568436, 0.5481093878784787, 0.35847751447760223, -1.8422760593696448, -1.3255979134909848, -0.33514685123580884, -0.5727731677028913, -0.837052036939624, -3.0474413001331975, -2.7895181539522897, -0.2140593639690296, 0.5291632308973088, 0.4045514202312704, 2.156397601910172, -0.14597223554738395, -0.6617577624221808, 1.436895653206281, -0.5356622935037554, 0.3800325750175121, -0.21347380406871866, 0.3454254747483528, 0.14937477396293133, 0.7339712671691739, 0.8341395504356068, 1.172651415835133, -0.992194378849599, 1.857653025102567, 0.8658389836781476, -1.115571302698874, 1.4019200995046694, -1.0857931249258301, -0.21509674444395172, 0.6865865358783293, 0.6409375555149966, 0.27987618490385524, 0.6627439986045257, -1.2445267255423416, 0.22467607617012159, -0.41664331811801175, -0.9986555623095293, -0.0731663425650633, 0.8998630061362989, 0.20859922684717802, 1.9746969946696384, -0.49738658007350356, 0.8662246612028253, 0.9598837007840839, -0.02835313511432749, -0.8868222034752244, 0.16043382189249075, -1.4134036538651473, -1.5357228966433905, -2.2548809767371445, -0.48417184020372733, -0.6234650066042698, -0.07272035619018209, -0.14340943841542791, -0.5890395435352674, -0.9653331425847548, -0.6897917997970417, -1.5379211426735857, 1.1520782510039653, 0.7495710831281112, -0.723913002340819, -0.9127565756985005, 1.6422053097831828, 0.5973711296146292, 1.63404035454353, -1.5665889376228885, 1.6824195426472832, -0.8410201457996624, -0.1837363391207392, 0.10138900324745947, -0.6875731273418914, 0.8138250059259323, -0.758825110846053, 0.40453825157871803, -1.103591526540317, -0.41665245464625916, -0.48201962294892303, 0.7604514808828031, -0.8410201457996624, -0.439450965936883, 1.0648256002226137, -1.0426606545179604, -0.4064029677242657, -0.37690472543068426, 0.7733856644211532, -0.008187643952264024, -0.7733403462288667, 0.8091787442085888, -0.2117672873119644, -0.8335943602889426, 0.2960567012636048, -1.490318559886532, -1.6256649765456015, -0.1799169702673628, -1.1125599211661599, 0.8068656027667133, 0.5486060415776967, 1.208663087949618, 0.7612224537058802, -0.46516488449535187, 0.6767264419063622, 0.3632553523370554, 0.9070085263216986, -0.7570978569848275, -0.05576058285224862, 2.1043414479263123, 0.020290676117542164, 2.876953232071564, 0.5360270411036875, 1.7833168787393425, -1.5919488715424022]","['v105', 'v11', 'v1', 'v2', 'v3', 'v4', 'v5', 'v6', 'v7', 'v8', 'v9', 'v10', 'v12', 'v13', 'v14', 'v15', 'v16', 'v17', 'v18', 'v19']","[np.float64(0.1397555642088236), np.float64(0.008062034030563436), np.float64(0.0), np.float64(0.0), np.float64(0.0), np.float64(0.0), np.float64(0.0), np.float64(0.0), np.float64(0.0), np.float64(0.0), np.float64(0.0), np.float64(0.0), np.float64(0.0), np.float64(0.0), np.float64(0.0), np.float64(0.0), np.float64(0.0), np.float64(0.0), np.float64(0.0), np.float64(0.0)]",2.408417008828269,2.532233918594702,2.028313020870489,1.0647166955823841,0.9037184858426538,1.79338084626493,1.6757439822458586,2.8270629807920282,3.046800984255119,2.6229686684662856,1.3636834979984578,1.1999681306394585,2.103053565196255,1.8671844835399574,0.3233416395954979,0.33829242693953526,0.28191537409351075,0.04403352504122094,0.027276010754511804,0.10442467373931187,0.0733370363248762,2.3633551423785684,2.3888464805658236,1.9137245318295508,0.9561386140103161,0.869172298706039,1.7048587368308261,1.6624082158799618,1.0856047610840132,1.1340566481773904,1.1153173705696484,0.43254756566851715,0.41577201365033917,0.7667532025120185,0.7494473877146837,0.5205542589471683,0.4695467883326411,0.4273959935127897,0.18891678132708578,0.16422449337509484,0.24558328228224954,0.21611145633046114,False
f818_a,f818_c,"['90', '91', '92', '93', '94', '95', '96']","['103', '104', '105', '106', '107', '108']",f818,f818,True,0,lasso_no_out_standard_k20_lda_nc2_sex_on,lasso,lda,,standard,20,2,1,6,7,True,0.9968276619911194,0.0031722497660666704,0.9936138987541199,0.006386081222444773,0.5238365530967712,0.47616347670555115,-2.6279766336953436,0.7360607169377598,-1.710464488715541,-1.3001154161135309,0.07463183168791847,0.006896529890928926,"[-2.7049996393156013, -2.228479759141338, -2.6335660813128237, -3.1905297677427233, -2.787805208843429, -2.9586781891832774, -1.8917777903282171]","[1.8284692680817665, 0.7121937178297199, 0.20475126820109643, 1.4602390153327354, 1.1689581976193824, -0.47738827628192104, 0.255201827781539]","[-1.4895930991166668, -2.60736964292203, -1.8747823877324363, -0.8859422856121771, -1.8655644247853234, -1.5395350921246118]","[-1.1984965013528825, -2.023528458929149, -0.7872234348782571, -0.7218800964442842, -1.9077241651914045, -1.1618398398852068]","[-0.18884084023642808, 1.634556091313293, 0.465951083202572, -0.37885387260014325, 1.2818685297170942, -1.9055248437928787, -1.0130360467118822, -0.8857199560836815, -0.23468963005524285, -0.19456724699245406, -0.11193929742605312, -1.6549017031141546, -0.7738876951379784, 0.43452730699736075, -0.5768724971488669, 0.45974868131443686, -0.8082146652686372, -0.15737068767745319, 0.9674900984700232, -0.4711795978595047, 0.8824507305924693, -0.4450661552902802, -0.7292214206375823, 1.0938657679391024, -0.7800604943800163, -0.4983656815294812, -0.8853067197835464, 0.137633894207128, 0.11501961908769301, -1.445645204223083, -0.9820834794706724, 0.9266277117887382, -0.675095006303882, 0.5377970374309935, -0.7123767200928893, -0.8664349430851728, 0.9663598299499014, -0.5404496762503622, 0.3321756122253353, 0.7424071339933433, -0.84528884088117, -0.5517445268737456, -1.4812056172031356, -0.6319147178352814, 0.10375971833960956, 0.1304177421419458, -0.7791787966860715, -0.9202088949267776, 0.4916691822193716, -0.10199526474855809, 1.7212380050618248, 0.2992894760767204, -0.12701201030450227, 0.22109331046374894, -0.8328549456464835, 0.7614249444436231, -0.3354871296684636, -0.6173427863684682, -0.9747539201881238, -1.0398057963699985, 0.8470321844611278, 0.1327781399055716, -0.07070549790365778, 0.1306890826377679, 0.04804056658353408, -0.29904485229560296, -1.3009874537777395, -0.01822212059668642, 0.8553420172445554, -0.21754930874608294, -0.048806578127184634, -1.1934883585126266, -0.5472015867585039, -0.16053432007175533, -0.3186621464819262, 1.7548476173195855, -0.7673867989897021, 0.45009321783983947, -0.8433784340824939, -1.05126859881429, -0.8757782378212099, -0.4907416106399139, -0.3964098567453311, -1.4601818892815277, -0.37019086221821385, -0.28593950148021297, -1.6253342851571548, -0.8328032445914327, -2.1521483901208156, -1.2971407813030185, -1.3714749975009302, -1.476081995497074, -1.3315611393370153, -0.7926499337795343, -1.2208581815898691, -0.11154453294741636, 1.3722546264291198, 0.8427301634461919, 2.0303003751310995, -0.6217822942190551, 0.932761217012192, 1.0607568219443775, -0.3924511916184597, -0.024206508099078695, 0.5011146906056324, 0.8005491163066947, 0.4423436703836986, 0.44387487198897524, 1.2441654603137506, 1.9011534830424646, -0.19234374554129474, 0.950520019426179, 1.584229039100715, 1.8246312136244098, 0.6872189597248415, 1.6075604497730778, 1.8748963875283753, 1.7037529293381248, 0.5999290606369784, 0.14470064019599804, 0.6246167773748803, 2.5246385724948164, 1.2107003582529743, 1.2428782352391485, -0.0740782324649997, -0.3799919605513693, 1.2116587895451256, 0.538573676238949, -0.2216358448763698, 0.7979450664072948, 0.6913277111991821, 0.18413982783596036, 1.0338753619683088, 2.1885711229263345, 1.7536854960512809, -0.47804866068839486, -0.003000197666665883, 1.036932647181737, 0.9155064088260509, -0.8263169599934619, 0.061259468622162715, -0.6801829079029835, 0.11062300594878965, -1.0524138024573901, 0.7742496956445272, 0.21668607821818153, -1.2796713195828677, -0.9884519488967707, -0.4688549872398077, -0.1322038616671497, -1.2460692907847706, -0.9698558663250803, 0.23254173770034411, -1.279782401397666, -0.582349055910161, 0.4635103250810505, -0.034708951305545264, -0.27818792823561195, 1.0828623388995298, -1.0382745537783247, 1.3449000837955418, 0.5977122343863228, -1.2602198586389912, 0.17351241254994812, -0.027211141720821456, -1.2058254737002176, -0.6872459378326273, 0.8253487240607145, 0.04448324327997414, 0.6794207989515554, -1.3549516318115045, 0.5071095851499591, -1.1444632553196306, 1.490441662882401, -1.797098826051168, -0.7673618505173987, -1.2218310448268075, -0.0280539766946617, -0.41378615435423494, -1.3203809957720645, -1.5933354302150098, -0.5168106442453966, 1.1944255661187322, 0.08023455790844296, -0.3099453222088094, 0.2532972443149727, 1.311810405801512, 0.35361839155436403, -1.6419366824484447, -0.29135551402247734, -0.548719351014728, -0.5790355259879053, 0.9034968731240607, -0.7648782071975266, -0.5238717523265859, -0.6536901746974457, -1.0359482088740841, 1.4731886347101124, 0.007632606922535733, -0.01817293139865131, -0.4115083702395527, -0.5207679395936277, -1.4904050456147422, -0.5227761254747183, -0.2764874064418803, -0.8944077864232834, -1.0004279943379748, -2.2380947032717464, 0.603078617148906, 0.38660608104098276, 1.0659309765151834, 1.2154903675845632, 0.21303070820342845, -0.03418614557004366, 0.2597438653467555, -0.4143737103334289, 0.9074336019312839, 0.918907801604849, -0.06261136401054841, 0.39247328632972317, -0.8145640765630624, 0.5169746176564917, 1.2229741416017605, 1.5307661077638106, -0.22119961223288523, 0.9800020013858798, 1.261591642167653, 1.596660625378779, -0.7022796746856048, -0.43787889472718444, 1.5858886724773578, 1.8196418114939577, 0.6001091139910244, 1.1981357937329142, -0.3375466413107424, 0.1762896899127219, 0.20408227312589597, 0.5858532827962445, 0.830224202723781, 1.9279702953463906, -0.43874292285512473, -0.18689044146752617, -0.21211707619283046, 1.1955862609162808, 1.036474922876276, 0.6428074582627755, 0.14488916030082585, -1.1217970997965245, 0.4861132399110103, 0.6585644956622803, -0.8625744445972354, 1.1400783268961043, -0.582503595395762, 1.7187046183901413, 0.17693611284708913, -0.08383770949045258, 2.0559830969379904, 2.4415072543269587, 1.7168194786631539, 1.4094787730502873, 0.11648002173624925, 0.07076563718263205, 0.8758695663026625, 1.306462633475457, 2.7844528202483363, 1.069359975280774, 1.1194197122930412, 0.6593635412285451, 1.920148690439359, 1.6243208244105034, 0.5338160579283966, 0.23703870838041272, 0.5200085072134919, 1.221985149944714, -0.15781934796516137, 1.0409442424158297, 0.32019303152231493, 0.6902999299292762, 1.0280804238522812, 2.556745095364995, -0.9436394313384929, -0.4714206557747693, -0.3371666160682865, -0.8743846290825703, -1.9667961545602528, -0.8797187684174503, -0.06200681904653108, 2.112348840362447, -0.7600022079849764, -0.02660106645094702, -1.6155295894409385, 0.09311283153860417, 0.1406330317018813, 0.47310124429125927, 0.5617961478596895, -0.5022134883676044, 0.07684061801905767, 0.009665337906066915, 2.8471596085870683, 1.2177384089084509, 0.9750507837282916, 0.005982334222094535, -0.5871983700637984, 0.13884256810609288, 0.5554504827169765, 0.15725722125510838, -0.5609650426686767, 0.2819004268909245, -0.2210952291515502, 0.6026703436076049, 0.10574647093139015, -0.682590821954202, -1.0420874084952756, -1.2480339862189702, 0.358056418414657, -0.008603718835342942, -1.5730262142876235, 0.3833895531091266, -1.1146960645900867, -0.8786893852880413, 2.466232847437681, -0.07798165683953098, 0.07542558039181455, -0.6881853809787961, 0.10016294487338043, 0.14111430739033307, -1.2503413876242817, 0.048709577984595326, -0.28977452417206906, -0.33139898606207974, 0.8001280139906786, 2.8138186182830998, 2.8309854072317395, 1.5408544450983817, 2.5541921752433296, 0.9030210621976654, 3.200242486599173, 1.7385090769551594, 1.7271405632526646, 0.9784338118164909, -1.3096754374021249, -0.549051576792575, -0.5114932038727671, -0.1660514858115218, -0.16762732230748864, 0.27394958002067743, 0.9482054526776806, -0.5466321277990719, 1.5142798921969656, -0.2509845832906467, -1.11283718323694, -1.3096754374021249, -0.7652718293578119, 0.4259302278440256, 0.09103097681037159, -1.0194948973362823, 0.1485879053755398, -0.29952232508525867, 0.17041666904628264, -0.2864937865899861, -0.8475619717517414, 1.2236699506205349, -0.7358687471681797, -0.4748764209810588, 0.16062146274943606, -1.1215583791206656, 0.009768819521807928, 0.6555832928884281, -0.35460970766329253, -0.5565230197812738, -1.7392107328045985, -0.3408970090163611, 0.4787363216604736, -2.0727970543899223, -0.8741815490232471, 0.12972868591845124, -0.06143250762556304, -1.7745097416865123, -1.4948454418211647, -0.4575564594965043, -1.1304278514009947, -0.7723098640641521, -1.0634896005098304, 1.5007681124342218]","[1.1887241962150519, -0.6368459437251658, -0.4568884245516567, -1.8621537586789287, -0.7341644833391299, 0.39225476935712045, 0.5005021476460517, -0.52658787595778, -1.0813638384546593, -1.3321757723210963, -1.24349580699781, 0.03629859207213364, -0.7893686675863357, -1.5805853152497273, -0.3831285499672116, 0.5862959380250263, 0.10932198025600211, -2.392488697969281, -0.45024995238537646, -1.026831505890628, -0.5850560697428293, -0.24554464850415714, 0.5214073284920777, 0.33452676557031097, 0.9264770445112064, -0.14328411873031893, -0.5446339308370297, 0.043443184865354686, 0.6114698049043278, 0.5234983822399497, 0.6801261418926353, -0.0693863011023925, -0.6676259579224973, -0.6921126845770478, -0.45641606707018534, -1.4020078997929606, -0.20890531974180815, -1.4459108859251983, -0.06595948392554149, 0.05044792231414616, 1.9611969246296372, -0.4363940664265208, 0.15666729964390505, -0.5765795942287347, -1.2026099851362866, -1.044801318041414, -0.12483163354690366, -1.2443209614613044, 0.1246247523454625, -0.4106321599613149, -0.667378128105852, 0.5120806437886182, 0.09656298745718343, 1.0852049362703005, -1.1011180657629962, 0.03606335071365382, -0.8168328279719674, 0.2867005648569043, 0.32522890444521024, -0.7689518072872331, 1.3731796672610042, 1.4305073687877217, -0.7680733333603116, 1.1457197179526437, -0.023369128171648768, 0.11572080952296755, 0.6888883973033827, 0.5955471983064339, -0.39635917135426985, 0.463480887701071, -1.0170071336070903, 0.9049850614763582, 0.06967571061004346, -0.585166626477179, -0.2168564842388509, -2.9752932029924044, -0.3664750885274044, -0.8687791061507453, 0.5883661272833537, 0.18795933378174756, -0.5959319201702423, 0.023095813763940713, 0.9045201503538596, -0.6489134705191865, 0.9123969939334546, -1.0037224528897541, 0.36189362181871654, 0.20915520986956057, -0.3460651798518445, -1.112070683666572, -0.7181331566031074, 1.045070719413661, -0.3093066714619075, -0.03832265297968388, 0.31424348107520333, -0.824951235970711, -1.2211609156385748, 0.9294011526172933, 1.0020414629990106, -0.09875142881778988, -0.3960527211118294, 1.2967036315146092, 1.2270572613138044, -1.3467417984544734, -0.6247907069966171, 0.6833862187617242, 0.5127167209775884, -2.9861406603275364, -0.2999453778182163, -0.7490201242667293, 1.5926900562146529, 0.8872592334893816, -2.0851175755201736, -0.28206813049240864, 0.1975239876157082, -0.26744267491487783, -0.8339359526447664, 1.3809360321866297, -1.4646194103833865, 2.927204934008169, 1.3720952538971816, 0.5217551099247333, 0.8830908357378052, 0.8670889460803268, -1.1236627189841328, 0.879742403859921, -1.232336425576784, 0.39287221516376014, -0.7874650386999688, -0.3642902994390671, -0.6764105740709998, 0.9905389086791498, 0.6590653499603324, -0.09807650158139124, -0.1844238803494764, 0.22001960160769046, -0.17473270351953776, -1.8444923410504892, 1.5078454504817962, -0.9674072147573273, -2.9983649623130333, -2.4723557141444807, -2.0836508070505313, 0.7676240705736077, -2.7242081183450786, -2.375083042091355, 0.07464875607501403, -0.08102980607088185, 0.5446767729917908, -0.1472929270125627, 1.2259680784499263, 0.7385013949002144, 0.7755234336960849, 0.3869436584163988, -0.3481724270683394, -0.483590507906467, -0.5057035129614572, 0.8543294376338534, 0.4277676140914218, 1.299426667042875, 1.4558348416968805, -0.427514654082755, 0.12704059897774062, 0.6204239963580673, 1.5505296548708805, -0.4000170428713588, 0.40072127947281894, -1.2434269189434786, -1.5672051108560698, 0.5794957674867862, -1.160838244868706, 0.6431235503179716, 0.3989705454913026, -0.24994757852934799, -1.1047384444261734, 1.1927775126735645, 0.480233364968601, 0.7342259189088642, 0.0021325806062573497, 1.2909463562471934, 1.544813370527952, 0.6317256904359618, 0.7568769929137088, 0.254701505048821, -0.38751397258721504, 0.53044300598482, -0.930025112304354, -1.3022212817327026, 1.4043067892850818, -0.6902814535817302, -0.18472479145511678, -0.8792461165151876, -0.12214223466816221, 0.44020442871895277, -0.8696380969133451, 1.0820835554813863, -0.924087887566352, -0.701556244427174, -0.6507432125147788, 0.018662179055618917, -0.484355192467661, 1.0698436454354308, -0.19262223398538267, -0.5261468548605935, -0.5002858797152645, 0.00372603246577919, 1.1433923244297195, 1.0658685608773648, -1.0511880378612646, 1.4628780942411475, 0.5847799554320057, 0.9118781013978183, 1.5149212662073561, 1.3237943402229664, 0.287795270019003, 1.2176981213991236, 2.0568075932652223, -0.6802444449960745, 0.7475471835652238, -1.8269646931975467, 0.30063346014018555, -1.0788916858562227, 0.8750338315485131, 1.0920409928724397, 0.7062596224853852, -0.960844938308582, 1.5962603493614838, -0.3659630549584135, 2.5550322361587, 1.2564252919982237, -0.8973734085580459, -0.533696797324567, -1.7260384534407707, 0.2657847051540507, -0.046908443229223544, -0.26335622603608, -0.91056979241165, -0.13170262172061678, 1.0390294795069486, 2.2771315175163007, 0.9235051551953496, 0.5304903650183436, 0.4160496260917018, 0.2838189468857486, -0.8751358743610017, 1.8247772405270433, 0.24744968186961744, 1.0026180874373312, 0.5694773647403828, 0.5701600722022907, 1.1970473572633828, 0.9561261566214903, 1.1361928573742257, 0.11785245309137353, 0.9475391587559646, -1.1243129264822216, -0.10033268283347571, 1.206702843381632, 1.9306469263673154, 1.35321977783227, 2.212740369823483, 1.5979344046098325, 0.04032456133764208, 0.05253608021240023, -0.7129679764980575, 0.6548812842358079, 1.2500989642871465, 0.02300386981806155, 0.388614686433038, 0.32536589715342484, -0.19965668272907253, 0.4406513015747378, 0.2895899414913427, 0.2980089681865942, 0.6891788185893133, 0.28907202084785494, -0.6732765897793194, -1.190592983779639, -1.8625498923515258, -2.133773950184582, 0.6914635042611673, 0.8229018437697724, 1.3073418648259472, 0.9339575636005399, 1.4372623830869604, -0.937215409570017, 1.782308327934929, -1.3335827159598643, 1.0772736596331913, 0.3784957350282556, -0.361787937051689, -0.916868471947984, -0.035502740322759144, 1.822388792516372, 0.18146409173951875, 1.332990978916198, 0.5411135917635513, -0.5866639240910753, -0.05161583713246339, -0.3285221634154798, -0.11729462860367522, -0.7887843166582154, -0.26286709988561197, -0.5519956619738607, 0.1499916564594098, -0.970892105302775, 0.0889067820116377, 0.2031827798411509, 0.2510418937049616, 0.31560477010527543, -0.7321494554312538, 0.4476162937329277, 0.2285763582831042, 0.8160489101174958, 0.554195758445795, -0.08750254853523289, 0.5004641372049977, -1.0593006156893985, -0.35004591507647986, -0.16917475946703964, -1.1532976775979173, -1.52166570799339, -1.4942053874697787, -0.6893527444588194, -0.6976443381182287, -0.7663932604452164, -0.5791547117360224, -1.295088988352387, -0.735778827163044, -0.23532781093249136, -0.8884780331356609, 3.6573469624572867, 0.4047936357320924, 1.2026799729167679, -1.6058996345954313, 1.7172361394412032, 1.1029560725146643, 2.290998395914828, 1.8327403243808675, 1.1545686499322443, -1.9846899467012848, -0.7825945668000728, -0.08373341758021072, -0.5210458747917474, -0.1974337527471754, -0.7329347051014707, 0.13042492589877927, -0.47713922169733725, 1.4798538747750307, 0.7056384570622569, 0.5978553266011168, -1.9846899467012848, -0.28495114930928234, -0.9971186291709845, 1.3545988906867696, -0.280701009742736, -0.6434297996430335, 0.7511530513258512, -0.49583168115551507, -0.3433836353574213, -0.6290716064923925, -1.2744433725894013, -0.916541785711154, 0.4662495791537876, -1.2015735915985024, 1.433324486640357, 0.7552839045013208, -1.1580513686754301, 0.2696296470533653, -0.43481599677842303, 0.9016299903931322, -1.2076864556337612, -0.7653269929456785, -0.21374305641708125, -1.1536250523486167, -0.8531202884953734, -0.15574124408423848, -0.3488327465390775, 0.24895583766050625, 0.28284558973602075, 1.156902521060713, -0.16578101089477223, -0.3613719266206189, 0.5355575665781056]","['v30', 'v84', 'v38', 'v86', 'v52', 'v82', 'v14', 'v43', 'v94', 'v54', 'v18', 'v8', 'v73', 'v93', 'v85', 'v11', 'v24', 'v92', 'v20', 'v90']","[np.float64(0.36140908984587716), np.float64(0.22260168453579346), np.float64(0.16946053789080953), np.float64(0.16784736455480118), np.float64(0.15774986617832967), np.float64(0.13700366043215548), np.float64(0.13527344697719992), np.float64(0.10553638824828629), np.float64(0.0856889625522616), np.float64(0.08372564062622803), np.float64(0.07355005448331864), np.float64(0.06868801833346244), np.float64(0.06835931883288127), np.float64(0.06346968090007733), np.float64(0.057121915663295046), np.float64(0.04596958858050039), np.float64(0.040440199965601664), np.float64(0.03066563235470917), np.float64(0.02797820015877619), np.float64(0.025745888546774693)]",2.2333476623654334,2.3763708866634428,2.2380917364858766,1.1931348556913528,1.2186517083097619,1.003933673902999,0.8140261374751248,2.9536882780310934,3.0058064559536892,2.8748407717643167,1.509828230195256,1.6951515578834477,1.3330089766592486,1.0851989895071785,0.39658493883417756,0.39918328656381097,0.4128752200504611,0.06299321234519596,0.04036079064040188,0.01726322008453426,0.007077330524142944,2.0361761330512906,2.156847850569883,2.1377007131827224,1.0642514813484893,0.9642069294182859,0.8485680445954618,0.7458843253061977,1.2114842910372237,1.1501248133853965,1.1820594952260213,0.7204906596195426,0.8119748019072626,0.4518386428607109,0.41824276691187334,0.6024866487443847,0.5988811647048612,0.5882382099645274,0.22904976107696462,0.22526619415978041,0.22307221684622017,0.24689130101345816,False
f818_a,f1014_a,"['90', '91', '92', '93', '94', '95', '96']","['127', '128', '129', '130', '131', '132', '133', '134']",f818,f1014,False,0,lasso_no_out_standard_k20_lda_nc2_sex_on,lasso,lda,,standard,20,2,2,7,8,True,0.9968276619911194,0.0031722497660666704,0.9944157004356384,0.005584348924458027,0.5238365530967712,0.47616347670555115,-2.142224239838429,1.5618225176138905,-1.7923546166607238,-1.6224507137600073,0.0763916838858198,0.005330333559330325,"[-1.706205533635513, -3.079844277268592, -2.076902799758786, -2.548923634326443, -2.2958707963427294, -1.9195275315796914, -1.3682951059572475]","[2.0376684189006435, 1.1749034404274186, 2.297936706493134, 1.021386048789986, 1.7703965322414619, 1.760361542631719, 0.8701049338128697]","[-2.8742041684549027, -0.7286767488022606, -1.9176175578790544, -2.5919715221001436, -1.9328920127190161, -1.015901618427431, -1.099680548283629, -2.1778927566193533]","[-0.7905900732596075, -2.031527518601672, -1.492929020987972, -2.784944089033351, -1.0886632562993293, -1.5791274496839125, -1.4518595460097714, -1.7599647562044427]","[0.138060204395788, 1.1083926510403452, 0.7284869985065172, -1.210948932359899, 0.9330226712333582, -0.8602494014197999, -0.6945186580196031, -1.0714965742146447, -1.6520737216309973, -2.162556566133229, -1.5579787032286936, -1.6775602883345468, -1.234269729738541, -0.3392730753171399, -1.1956327942982976, 0.30555036032193184, -1.6385300414361512, -0.6297939451604377, -1.9851291665009256, -0.9659727374836702, -0.6590130717932379, -0.732341089244886, -2.176911739280711, -0.12185728365072684, -0.5188986046683377, -0.2880126125466443, -1.1800316695648017, -1.0631619743308152, 0.10602204807654732, -0.23582672201951574, -1.2742809651916163, 0.7705896067308724, -0.11055537782031925, -0.482353343897406, -0.1765138921029998, -0.5965959055138219, 0.6784549634105481, -0.3294408294880027, -0.9625222642998541, 1.0198723847305362, -0.2233337415003921, 0.4727062867636399, -0.24590355013411036, -0.5069056246329442, -0.07496163298785015, -0.45100871639486245, -1.0704280685929042, -0.37992761234240346, 0.8715034316699383, -0.4275516254507792, -0.5202993636688945, 0.5609421028477372, -0.23215672906941284, 0.24377439099156223, -0.4640546648586335, 0.7958494056387073, 0.6882327325515825, -0.5227431307429994, 0.3144515745796721, -0.01789156520561512, 0.6403520409417631, 0.7849982024020256, -0.2233451379270877, 1.0298720938722346, 0.5650490599151019, -0.5435883319730432, -0.7393595709127967, 0.8535454344637438, 0.47050150011882874, 0.4108876034171326, 1.0470469926452382, 1.6830065948353177, 0.20376166972436519, -0.36067110337416786, -0.20205143889890473, -0.789429325950832, -1.3710108165947337, 0.7907261280715121, -1.1840670519341399, -1.5012491712185225, -1.533300613800536, -1.4295479034273784, -1.226505994253337, -1.1022078724886808, 0.5290477067110088, -0.7168186032121958, -1.0396856971515298, -0.9653274136579624, -2.3366885480793314, -1.1993980390058223, -1.3680584303518546, -0.8780877748966256, -2.0397688893535943, -1.1179460522386637, -1.0420019962219933, -1.2119590457550933, 0.9224019321490721, 0.4033273275594966, 2.3719418676405275, -1.1715228090621805, 0.7523904127543404, 2.152037627866681, 1.831485920060974, 0.57433982508696, -0.39707305431423057, -0.45354378114033606, 0.37977099570319406, 0.28139769624512145, 1.0302015692880089, 1.8506428125848622, 0.5914175552234899, 1.5555638217696648, 0.944251270644878, 1.0524568334739879, 0.8416414398554162, 0.9885030546596945, 0.37472066534620774, 1.0438328451938772, -0.28252239830282666, 0.21900750403382838, 1.3354631356699393, 2.4883753054692295, 2.2696078587160207, 1.7806411963615218, -0.3807450240685326, -0.08762321817471168, 1.384597132674637, 1.7320606090427668, 0.6459251268039284, -0.7594640099085296, 1.2999106306261046, 0.2596168078130352, 0.44858883864776034, 0.8651793211195559, 0.5114557494755525, 0.9774316780581436, 0.06660004997007227, 0.5436212966895055, 0.8500923002004243, -1.0557571160829897, -0.9084852166614475, 0.2941757957814899, -0.970143941133279, -1.0872545025537472, -0.03518033018299136, -0.3284342384781865, -0.4983909837832627, 0.10855710663107324, 1.2101814825018384, 1.0756385676913147, -0.7928663273745494, 0.04482242366580087, -0.8254410910072504, -1.9532895784872508, -0.37569813781804984, 0.8091578122855793, -1.274507157915108, 0.7485609303533377, 0.12282445903107787, -0.6201485022621253, 0.3672832854751235, 0.24088746424233762, -1.0095804203096068, -0.22020313548118686, 0.7053538166817076, -0.1839242676433844, -0.415530235290885, 0.5785302437647443, -0.9714772017240633, 0.7370129684449592, -1.7473610263297994, 0.49230397260146236, -0.7257219118967015, 0.6798545687776312, -0.743875126463191, -1.1135745167378583, -0.7385777952151598, 0.003042547359337549, -1.0011061815075455, -0.9308060447983804, 0.2515992063107179, 0.016435865534231913, -0.6862892451052761, 0.46439960774503625, -1.1833722204654538, -0.023057789626458415, 0.8297825817526402, -0.03352946354184114, -1.0575193523679134, -0.58122259790548, -0.24202952317501264, -1.238174883714391, 0.858338348006976, -0.4647918158537069, -0.029971583594505084, -0.9810031100156695, -0.37499866197272275, -0.12363710372258375, -0.26886249318892796, -1.361633388941493, -0.2941903903603614, -1.3287023909132218, -0.8750969125694478, 0.15911699222593978, -0.6500942238163662, -0.4877902049385479, -0.002402233032044794, -1.5891484664750561, 0.6588763753127028, 0.4914009379338625, 0.5247677720082538, -0.03949493478911918, 0.20111322928002115, -0.0010523304533954232, -0.38223628713606567, -0.8932505251647658, 0.8146293362228391, 1.6921885073572018, 0.20439202160593536, -0.06653203257795903, 0.27126705687890773, -0.15059119671395535, 0.1612291218911242, 0.9237200986965068, 0.26130664076193677, 0.7659891589815394, 0.8610209363576489, 1.072276232925374, 0.30680924751411387, 0.6002819972214586, -0.28234775793315325, 2.075694861435316, 0.8269349398737702, 1.271296404327284, 0.7798599049051046, 0.7607562554538031, -0.7681487497448256, 0.6472230916201649, 2.0739938701928233, 1.4793949448387276, -0.3172029554498778, 0.8215536352663979, 1.0662960618430555, 0.6975016029801092, 0.6867755585663334, 1.5522152638704236, -0.4298325076720229, -0.3466531220682349, 1.3415609667540933, 0.8420839355980493, 0.16065231594267598, -0.3971606407886241, -0.1375158248905966, 1.4581588541269412, 0.251638500336771, 0.7191667300559772, 1.688897682941024, 1.6541740160138751, 1.7653219382852259, 2.2439150760582085, 1.1046501760992802, 0.336151007612219, 0.369117970361505, 2.818216343730943, 2.388688291826194, 1.1360864484041417, 1.5793944748599855, 1.1855113804279935, 1.478668363536078, 1.3355591104658493, 0.6062910748172438, 0.4315540271188613, 0.08428987216465275, 0.8132276342100127, -0.02050630308885367, 0.7785335521453669, 0.6984817394816238, 1.771340545812713, 0.5997507034346569, 1.1399385747445774, -0.63022541023479, 0.3854985795672889, 0.005539509090722865, -0.7139059468631476, -0.5556489224800166, -0.9307607808343429, 0.017991465542231733, 1.336219589007778, -0.6209523179020662, 0.3397085179750208, -0.7952725348326343, 0.01788262719436405, 2.1511722944684193, 1.1194544105423185, 1.2858000241986995, 0.25502470899152463, -0.584778701088449, 0.002208267376414072, 1.6661671411946852, 0.4767733573799882, -0.572317253553049, 0.6935910020439593, -0.23297599974424882, 0.8414974299525845, -0.4433063627122762, 0.8376598107383947, 0.16043799886682097, 1.1642577009762172, 1.4678579110549437, 1.1568947984025897, 0.5314355265105023, 0.24997232599677924, 0.07500090281247694, -0.4490740630321423, -0.18874789087156071, -0.5691912487608745, -0.18259365200104938, 0.15237193864393875, -0.737931747560487, -0.59252910649938, 2.4625673773183574, -0.6708530398389332, -0.41538300103828485, 1.1474312810055498, -0.42883007593311523, 1.4481026927717697, 0.31553905915492203, 0.622524744554294, -0.015556152411204801, 0.014770923223003518, 0.49686908585799006, 1.9666767666371519, 2.656846164447219, -0.25510281551302166, 1.4390695326336693, 1.4322291571311938, 2.9768008455048336, 2.163828401797244, 1.8778985380791755, 0.19934532709056488, -0.155862134042642, -0.10709252775741669, 1.0070471862798451, -0.32313432056024993, -0.6837800121314151, 0.3341713737413913, 0.8004874004756102, -0.3479319327326049, 1.8910179201535575, 0.9248558381659002, -0.27045875508740286, -0.155862134042642, -0.6850886633564254, -0.08879179050757358, -0.1530069079626946, -1.1759778468818938, 0.34773038171409604, 0.7957186199993941, 0.5248252380540748, 0.6716673198265027, -0.9533926019348149, 0.9456810859861123, -0.7161746346069342, -1.3126053353800857, -0.8707714079506824, -0.5182451903175335, -0.9918149370860244, 0.6097452339742141, -0.10158011581460574, -1.353514601704247, -2.251431239550967, -1.4886831031155385, 0.7239281130699697, -1.6029938118647376, -1.4002575538745476, -0.38826410854215865, -1.4868546245458816, -1.1935507143563158, -2.7132687474204724, -1.768400025805551, -1.4876149563183856, -0.7939523741853394, -1.1118404653700136, 0.1033095228797069]","[1.8830560065588684, -0.13486315160598034, 0.4394312164652157, 0.28060920942136336, 0.3294159455106343, -0.01743855977781687, 0.189237521541699, -0.7136270833608948, -1.5337695241397782, -1.8381821108286798, -0.9496399001397193, 0.024706665825230463, -0.3306888010661009, -1.025671691142578, -0.37398577373320063, -0.17697541438625197, -1.034780879548123, -1.4711983688069323, -2.060905158255509, 0.09907709539732665, -2.287986948058007, -0.611698821903754, -1.031465318734285, 0.19619167030405515, -1.6178598699728997, 0.15341810917581963, 0.21058685971271326, 0.37954143878420077, -0.26953805758783556, 0.3831421745730606, -0.5332240406167044, -0.6322330928459539, 1.9568314987529545, -0.5430198709601182, 0.39881364032289895, -0.7720765678860776, -0.9315679580594282, 0.7724708417184983, 1.68416674555239, -1.072485498259031, 0.35282991483845, 0.1193081238699493, 0.766073165266916, -0.9546860962733492, -1.0656758153500385, -0.2919869363422934, 0.738952523401552, 0.1900097227328704, 0.12128143238053675, -0.39877413514129095, -1.3565505007303862, -1.2748167684236622, -0.5734939299927755, 1.63490211968213, -0.4211488183070286, 0.7182874664948635, -0.09842193808717171, -0.16031192337095693, -0.3852223546265934, 1.2905488775468785, 1.164332936744601, 0.4618556448439059, -2.4870798194969224, -0.9467261772780219, 1.1672798519062126, 0.36176744613639084, 0.033656102076135404, -0.569809768551478, 0.7254067158911582, 0.21546509793270238, -1.4127821614242781, 1.7316074988239603, -0.29708575648727176, -1.561801949299555, -0.9866168806012093, -2.0284083065718814, -1.4529529704868063, -0.0351291594780279, 0.679288108902108, 1.1318681724656907, -0.589723204404186, -0.053626518714370214, 0.9915546685978731, 0.4453871719318317, 0.5448522075652449, -0.8692899192309225, 1.2144218045902202, 0.20297013448560353, -0.020528391138908527, 1.6674653398153814, 2.0547423062056516, 1.0951066834048684, 0.974646712638055, 0.7504115149553975, 0.8257713097521361, 0.6886277288633572, -0.7470592403561737, 0.0101999066235694, 0.027114081151352214, -0.6568013354202988, 0.13350982937704656, -0.08492676765734235, 2.017699360211491, -0.46195749544123105, -0.6230150458820003, -1.2674017670829782, 2.1573600044257004, -1.0879209072152585, -2.9591662521070323, 0.2002526691291146, 1.767535117374951, -0.3816680255667863, -0.1454651610331668, -1.6850369014232878, 0.2742191664794499, -0.689196252853484, -1.6042387872374722, -0.920517734026002, -1.1158730191491302, -0.6238018502240601, -0.061014484743995075, -0.8778414091388913, -0.7530745949026749, -0.6646851801489784, -0.6629984462756544, 0.2972475936125632, -0.6665689872536971, -0.2296220028598087, 0.33036392992715213, -1.267189308015228, -0.5546378642969924, -0.4298717569196611, 0.4525265166815161, -2.2361963342815696, -2.1323515336875714, -0.9520907544599826, -1.251307204836159, -2.485179863014175, 0.5850116780947922, -0.6671170192599578, -1.7942964761037479, -0.5890005678707819, -0.37950608511193046, -0.3953929691470225, -0.872262211180331, -1.8515281291827823, 0.9434305826857238, 0.00019605241779732142, -0.4232905277041971, 2.3686429055263485, -0.3867047281592614, -0.3159655185596521, -0.6523004347890013, 0.09588192727686701, -0.2655454466514506, 0.5637516104221351, -0.827222801330902, 0.6011790428821816, 0.06032915729645966, -0.2322101014717629, 0.6775953124595486, -2.673131928281374, -0.35937377745384713, -0.9480770343343914, 1.171082509163059, -0.16253955004015677, -1.3062781424880308, -1.0652389648959804, -1.4356386523561417, -0.258073531349505, 1.5892886988787247, 0.8240770518778089, 0.40541131112192474, -1.283284374994881, 0.28769386339618347, 0.0320804116860941, 1.0952871119649472, 0.3292361076703421, -0.35881789132568764, 2.0495720548400835, 2.063637551175728, -0.8667706116469299, -0.5374977505695377, -0.48393583727166184, -1.0422352855922412, -0.789331829472862, 0.34598062089470416, -0.6875032466776592, 0.5498783576877067, 0.08285237187137133, 0.030315699814645596, 0.636951187095594, 0.8390322152863741, 0.852007501488203, -0.7370465911264683, 2.168793302743702, 0.19710058810317413, 0.41882628412410877, 0.8693381333977034, -0.2625091723629312, 1.2037936929958264, -0.6522374494508949, 1.7394979770770727, 1.4610779823659954, 1.0573880151380493, 1.49291367078443, -0.1165194146698385, 1.150444098663483, 0.2781777538337399, 0.324456953048979, 0.415833919844466, 0.05856636895776398, -0.6111578188030011, -0.007507559265405449, -0.5955343217493437, 1.0497915819891077, 0.8370854522099833, 1.1929031240948498, 0.44326147939144694, -1.4309435499310272, 0.2171062923054205, -0.5664001289255683, 0.3953339461815581, 0.7289719166889389, 0.2851699387565645, -0.6053960924167414, -0.25963748009770893, 0.9250342203725763, 0.19221237274502023, 0.691053666569799, -0.00536212651748474, -1.3622011594449865, 0.15248487701806784, 1.1009897553160581, 0.1191487677563196, 1.097320458845039, 0.6950834334089774, 0.5751211633214417, -0.6795734146752882, 2.0848083215880235, 0.5179426398238589, -0.3330730319424517, 0.913881252130523, 0.6545867895962062, 0.4666310823440652, 1.8611716455435472, -0.2991866488302032, 0.29812861833428445, 0.3056406753408119, 0.6151313521380651, -0.1730616747003494, 0.7070637832641288, -0.0966733845946474, 0.6747302019440078, 0.8979319080574635, 0.7462850501788251, 0.932634817714726, 0.16402284463616376, -1.0759810080812868, 0.18480082862567643, 1.313367992710033, 0.1910660161230473, 1.0599722465209487, -0.3694967663875011, -1.5511045014295128, -0.26806226195119154, 0.18650654110028728, 1.4977574090275185, 0.1208946123629612, 0.06274730396398562, 0.4901387382675475, 0.10406956725212953, 1.8321894752789476, -1.8567755170437503, -0.8566678152687675, -1.123543424440929, 0.3526966664825116, 2.3221326315906428, -1.8565563335504436, -1.8629796927049915, -0.040803597883822484, 0.40205254101316634, 0.5261918448757285, 0.8586555637115022, -1.607560843436832, 0.3913933420815975, 0.6579066462391462, -0.26892060880383756, -0.08062781381649466, -1.3673145428878009, -0.44638081744331526, -0.15465758769417454, 1.582867041660399, -1.1205145136743546, 0.6813507549270286, 1.9318186967883637, 0.2115119017119375, 0.9720804734601612, -0.2936422425997898, -0.16210540766099615, 0.2874431178056431, 0.4063018437413718, 0.23409792005221433, 1.937946406301851, -1.2489305417054755, 0.6532225345666047, -0.4244049785661096, 1.3498938875243798, 0.8729585042678301, -0.692858865956508, 0.6545359596784784, 2.447675748011775, 1.4054314279202096, 2.193665382817943, 0.6357366738548768, 0.08772629243344568, 2.3292547317573, 0.2629495197566095, 0.11185843800948433, 1.2345416270706053, -1.0423769338355204, 0.27127297920730414, 0.5839013491205879, 1.3051196202030049, 0.35585788040315747, 2.1676779313383774, 1.176994311849698, 0.6324260811340533, -0.636686490470963, 0.32588958432110265, -0.7307062125552662, -1.6954467233035175, -1.5550097616194396, -2.5176281601542514, -1.959508051341036, -0.004571598837372245, -2.0373436725038454, -1.6125675346535862, -2.315154795322946, -0.13104849955756678, 0.29845070934912266, 0.09607984756937886, 0.60892563666442, 0.009358329708118734, 1.38900505249891, -0.7016106952436396, -0.9091563944360763, 0.24179585938961506, 0.7381741642080455, 1.5242277614027493, 0.6851567586428647, 0.29845070934912266, 0.2678863699595687, -0.11100539740634714, 1.0762266708110326, 0.2537612037506027, -0.5918101702495372, 0.7743477317781926, -0.15281481699064078, 1.073520275785035, 1.440052024000504, 0.04336765511576055, -0.5419711900392189, -0.7290086655430659, 0.189247612169681, 1.1940332406434477, -0.4011237221792611, 0.14183363004886188, 0.5791183822121563, 0.8338910655714883, 0.8534159975209636, -0.8941371908300989, -0.07836216094164633, 0.16957416634165326, -0.9185875673668735, -0.2992185871662855, -1.1211523100837513, 0.11462531894228337, 0.23453265966765535, -1.6310175090461625, -0.3233826658820206, -0.22279001238236415, -0.8234958285671145, -0.8465533449836531]","['v7', 'v32', 'v5', 'v11', 'v62', 'v25', 'v98', 'v70', 'v106', 'v53', 'v59', 'v60', 'v63', 'v82', 'v24', 'v104', 'v38', 'v105', 'v69', 'v67']","[np.float64(0.2961530174637833), np.float64(0.18039660132981555), np.float64(0.16672369965966244), np.float64(0.15786968878705454), np.float64(0.11788884945543056), np.float64(0.07382492380385532), np.float64(0.053556299901698516), np.float64(0.034578719766036686), np.float64(0.030372001921906863), np.float64(0.02875418729863438), np.float64(0.02734142113799732), np.float64(0.02273969841838828), np.float64(0.020881075256284493), np.float64(0.010627901044542558), np.float64(0.009755832367501107), np.float64(0.009481425138238414), np.float64(0.00928616985489607), np.float64(0.007685095489665223), np.float64(0.0069652693682739535), np.float64(0.00693833665938868)]",3.203436399441524,3.33101731907252,3.3524274195074533,1.021101702509427,1.047097902110037,1.2606953598066948,1.1813563467845596,3.534142854551603,3.9688437737953737,3.904158414645715,1.343617155252865,1.379466572739906,1.6369380720352524,1.5489918283069555,0.7962916966201378,0.8335823749970874,0.8173944750241189,0.04135652039928312,0.02341350090960348,0.08607356779143242,0.048876327934922636,3.184273231373898,3.1842732313738975,3.20932602383529,0.8922492928091033,0.8902566088188493,1.1299743256922663,1.0515957705823162,1.0889217463769443,1.2160894168252365,1.1712879618772267,0.37597438661816346,0.4065048287127582,0.48993659490924457,0.4731892496329197,0.8845956687555427,0.932109209316849,0.8399258490594772,0.1866464879224978,0.2200195035611115,0.23735852209972735,0.2214313104784028,False
f818_a,f1014_b,"['90', '91', '92', '93', '94', '95', '96']","['135', '136', '137', '138', '139', '140', '141']",f818,f1014,False,0,lasso_no_out_standard_k20_lda_nc2_sex_on,lasso,lda,,standard,20,2,3,7,7,True,0.9968276619911194,0.0031722497660666704,0.9897598624229431,0.010240212082862854,0.5238365530967712,0.47616347670555115,-2.8609016052665406,1.2988651994033287,-1.780093263371169,-2.051709253806834,0.08460146895954142,0.013723719741730547,"[-2.9750169837802245, -2.713102255221037, -2.535730914270995, -4.059250742975717, -3.045811904739724, -2.348299497758995, -2.34909893811909]","[0.9263019223015351, 1.3203730060140981, 0.9983785679652654, 1.6545388665060303, 1.8458540383188902, 2.215177866490661, 0.1314321282268212]","[-1.8631691190054793, -2.091275875706448, -0.8474536142431791, -2.124029292074409, -1.5643888246068278, -1.1382169177498493, -2.83211920021199]","[-2.430279275986796, -2.344148373976869, -3.318344490958897, -1.804862812022596, -2.545606428800887, -1.113091835326428, -0.8056315595753637]","[-0.607504832208457, 0.5693019895274322, 0.7830741212152815, -1.807709705760316, 0.11131209522606124, -0.37396119381030485, -0.8794792710630366, -1.5763861783524369, -1.354986870575971, -1.6802330282135534, -1.085778226404856, -2.1411893474082033, -0.9066645733765297, -0.3599559138946799, -0.8364774951711276, 0.8382076996491137, -0.8941455917172235, -0.40358011428242996, -1.118558674952595, -1.1410631371654216, -0.08687547998527852, -1.8113146015062516, -1.3766753353810148, 0.14963884698199836, -1.2880998165196198, 0.31045252753207836, -0.3745437009875717, 0.08018643743223577, -0.08355544042851108, -0.29702670322930114, -0.1951641521124077, 1.2371580232396087, -0.7204481022438576, -0.5293741629932938, 0.23949937517046893, -0.9810933650766757, -0.056194647792339465, -0.8975493292640685, 0.2776468339536702, 0.5756870893395414, -0.5366749074932152, 0.9522090159875146, -1.0468635203467485, -0.8265727442344825, 0.106730239199474, 0.07716910047487867, -0.6267529530069205, -0.14281287747604518, 0.44891690553521724, -0.10625740204559998, 0.4840812566113417, -0.3369612941349967, -0.5408238776402031, 0.4695341612076689, -0.15135474500787438, 1.0097112812509677, 0.3987401395469683, -1.2893365912930037, -0.5299466415162185, -1.3981274210979633, 2.069289119990847, 1.3770351219788168, 0.486635499668848, 0.7466022670228721, 0.12102628525589883, -0.5254406499788108, -0.8188357430559781, 0.38148342955153786, 0.52170404612911, -0.6023185411944726, 0.5473570223544801, 1.2204206942956566, -0.47903437884878913, -0.5904027601433195, 0.22272953225436415, 0.49218861023148447, -2.300648109583262, 0.3221521676735852, -0.9482130352102204, -2.0232113713613686, -1.3761770762089733, -0.9562255558825069, -1.2688475976127325, -0.6681093654292783, -0.12314999358596314, 0.11450938322896984, -1.684391095948555, -0.43762208160726696, -0.7181068341858153, -1.8580792220558726, -1.487990535463058, -1.1911238025452626, -1.7867644356674186, -1.3567315406054241, -0.35566200993562785, -1.4296248614762428, 1.4927592900667928, 0.5806741621206126, 1.5230033327923689, -0.733520596055583, 0.5894919181114677, 1.6491415658027653, 0.5881096239218817, 1.03006082781793, 1.351379741116388, 1.0260959019226346, 0.25620100094626264, 0.22902180952554826, 2.136499923388201, 1.5625958726082791, 0.6244866826596118, 1.2482219090813558, 1.7221863494888412, 0.9065992152868394, -0.29285384877039283, 0.2359155208049468, 0.9664768366347475, 1.1700769758729457, -0.28018195115864475, 0.12090083367516577, 0.7175910141561208, 1.1264528006934218, 1.0584936047267306, 0.8830764939417965, 0.47082033645062743, 1.463735766918069, 0.7369775196561874, 1.2876971472921819, 0.3717428708811267, -0.7154235129308198, 0.7813178055103298, 0.723912713196042, 1.510050581952288, 0.40318731672976077, 2.2091672477691717, 0.5208902593252928, 1.191438400784888, 0.7797013927218984, 1.016656469132636, -0.4295055121859214, -0.7290037061412175, -0.32258368810035576, -0.5425950781774956, -1.446590102731625, 0.4524953739565532, -1.269983689865658, -0.2863092324698871, -0.5987475724187866, -0.31031150237807575, 0.30893256258512275, -0.9879005408218947, 0.4830860969820724, 0.9434989888336339, -0.31022402411399613, -0.036263751758218915, 1.3556531389482156, 1.3844265125375461, 0.31695609007636255, 1.0386070699957184, -1.1091208969179474, 1.7105827764540233, 0.6538830337948325, -0.2689007652383569, -0.1777422677063145, 0.8456023011499227, -0.19190052161366716, -0.057075395945810535, 0.025236618399926705, 0.6365978046029103, 0.012917862479041744, -1.0689959295078642, 1.2985770817127413, -0.13952310848703017, 0.7062854160007952, -0.6662701404238857, 0.03416596041509981, -0.6131782481656722, -0.017772094175665488, -0.29931060200926135, -1.2212562827233302, 0.9865598790141448, -0.6532978487747778, -0.013803772977389633, 0.5042312885333387, -1.0560355530802574, -1.1052617780975744, 1.1966215222598746, -0.09321208551908955, -1.1049503272652048, -0.5101639839258031, 0.26836313296633213, 0.27944382559671954, 0.7125638361241425, -0.4629561292698424, 0.08469229891453948, -1.150391297172225, -0.7775405160931577, 0.4046313072632948, 0.27256652531157516, -0.8052437065859581, -0.9487274332439751, -0.13275692771747943, -0.6408721692401366, -0.21036686899939971, -0.9847724621548857, 0.13126016587056336, -0.4706010029558256, -1.5870382264551743, 0.31033523814981073, 1.0698443674072373, 0.4952373733983015, 0.28457218148327024, 0.12853243984192278, 0.7271829555950665, 0.8158941028897504, -1.4085878063265085, -0.3506278215113637, -0.03778534364162853, -0.27892394567018597, -1.138805882383358, -0.6826129373054135, -0.3473589100239232, 1.0455974692542531, 0.6254395326041499, -0.21114595377673748, 0.6938799169145996, 0.9305992816322748, -0.12941286626162438, 0.06902296389092938, 1.2626130817175818, -0.3335256456536696, 1.9408262102607359, 0.8189941932182111, 1.3085413584221093, -0.1221518181058916, 0.40936791399235417, 0.6099192417810253, -0.3273795272777799, 1.5616562311461368, 1.8643933073669932, 0.86928877624937, 1.1921735322399933, 0.689240711671582, 1.8325543491367002, -0.38913366601925303, 0.7751525933467968, 0.1019705658475269, -0.3118365778823047, 0.45059166812757817, 0.5158112379398206, 0.046754296234485015, 0.8232814490950174, 0.48682947934915716, 1.5581337038818488, 0.4683705737890812, 0.3985555360118822, 2.6188113563687345, 1.0141666116358032, 2.3583096429099406, 2.141640209432318, 0.8817298573791494, -0.16760367651387234, 1.568125592882204, 1.8093983652785097, 2.29670090419851, 0.8795514184849021, 0.43104832971346696, 0.7934535700748432, 1.488021584850438, 1.6172198478742323, 1.0635577546599915, -0.09097419627989307, -0.8309344112458656, 0.23159587900765372, 0.060540323962776026, 1.9471672780724776, -0.3683610206757575, 2.068499883619364, 2.0435272386161523, 1.6821340002136584, -1.201993483627435, -0.01862268932495429, -0.030305182324932938, -1.0413210483227993, -1.0431665017658833, -1.494667845975865, 0.9677582242696448, 2.3972475790455765, -0.3377758377407105, 0.2999806377438737, -1.402120149269946, -0.33566337745706853, 1.5029742400794797, 0.09093477708292978, 0.437647758050236, -1.1771215437310993, -0.8866359302372121, 0.5316589342526523, 2.3364479760071224, 0.5431541440200682, 0.37205673663963523, 1.1013277944456885, -0.6078273059190332, -0.2858668729995247, -0.16620907305628516, 0.8578099691212199, 0.1394102306507442, 0.42998147085780725, -0.17091334332856378, 1.1937694536502401, -0.030320731472945974, 0.035685655642483896, -1.488692063663309, -0.20061362534222113, 0.17375336454596446, -0.3871804472976583, -1.438599670188087, 0.12500440233973187, -1.040243951904115, -0.4158501127267446, 1.5150323059640292, 0.6022617804072562, 0.7198481421362005, 0.20984967320509942, 0.9124114792275112, 0.5265511992825442, -0.5030728119028626, 0.9022039373557796, 0.24956475435795233, -0.42371582547768494, 1.170565029382969, 0.9240650296654476, 2.8358777668866892, 0.4701674322910187, 2.1426704349055017, 0.664735639464457, 2.5853398759198236, 1.3552473264457845, 2.0555336499502137, 0.34305190804341346, -0.6062859837299986, -0.5867245403904396, -0.7348345979482299, -0.1469773916712174, -1.104855514923925, 0.5285998901257325, 0.32082842853742416, 0.2683722416347352, 2.0013179475214264, 0.7197245994876301, -0.88352319339624, -0.6062859837299986, -0.2616208631451117, -0.08844318468542918, 1.1186278342263352, -1.397818140518212, 0.07116661786087786, 1.0132673799392184, -0.47033570462968954, 0.8631690729998679, -0.9481215941752361, 0.25053483876724447, -0.3386290408518299, -1.4438715352527036, 0.8999344738789345, 0.27959551306451824, 0.21666843337312106, 0.18614160209665898, -0.5242921299597667, -0.8417255461398588, -2.7493584775740127, -1.5109609300453664, 0.9914818707679259, -1.7179526405619354, -1.4776893988873196, -1.2177520116324956, -1.2128203029620606, -1.5745355873010647, -1.50115668467168, -2.69308755216009, -1.6474724738439956, -1.1883143164509724, -1.239583574602992, 0.3924688594738009]","[0.25889730920248805, -0.7648305454722187, 0.6778252785983477, 0.6699238792838681, 1.2142472464382383, -0.13281779947168645, -1.570358934654635, -0.5606679258441738, -1.450091626495067, -2.010240228743678, 0.2810824879627126, 0.04437104865923819, -0.26424017081963763, -1.382824800362255, -0.3593419490070792, -0.05451452258787342, -0.47658238152864374, -0.8247069164563872, -2.285329104356695, -1.2407946257400284, -2.1125554513276175, -0.07804343891504063, -0.8372819107770515, 1.229678156342188, -0.9001698572434806, 0.266361779673202, -0.4926934657675563, -0.9671662262114752, 1.2691216592076107, 2.0985516662431283, 0.06035293073945095, -0.3589751202439918, 1.0635796986013142, -1.7746787466524, -0.7027810376865278, 0.57784911927698, -0.6614191840605399, 1.3194463008090191, 0.2415602424407294, -1.354163311727329, 0.9932027777947565, -0.21794065004515317, 0.6336128786738123, -0.05794762079851405, -1.2175310779205057, 1.0412714091514472, 0.031039856332389627, 0.7940099073932299, 0.11115994487668922, 0.7289117179288156, -2.1672481768536906, -0.1061932509299896, 1.0127219801236822, 1.7329773610023638, 0.6031233028428294, 0.6694862757565929, 0.8750630245213021, 0.8829994631115072, 0.3372247199300198, 1.5717471186515193, 0.48593020620679594, 1.5740158408784592, -1.9930849658882392, 0.33450022479310654, 0.41387127836505927, 0.6346568942578564, 1.251157930739519, -1.0252826817963596, 0.6454938451226041, 0.33330791422753436, -1.1552968085824962, 1.8195503374264714, 1.0142641537614578, -1.814903555648945, 0.6086279481038374, -1.5724333441151015, -1.3036302153439074, -0.5624012938960303, -0.6087311416492458, -0.05825169665834859, -0.12410285742431844, -1.129279482899052, 1.2276619835868254, 0.2639129704581303, 1.0089786844799562, 0.04476944370057364, 1.3808355468094893, 1.1752531489439446, 0.0808266661215744, 0.974196057812792, 1.7290725692622564, -0.17730050896128408, 0.5275784630642711, 0.17297904418177332, 1.3782744385521197, 1.1047976741285153, -2.23984418574079, -0.05274401626015614, 0.705293378973004, -0.012682245492576946, -1.487721691263281, 1.8708211858731136, 1.2626872585559752, 0.3088964536871679, -0.4476412444347112, -0.8678321857485662, 1.623251713811071, -0.9830176911952693, -0.5644948200839774, -0.10013368204043811, 1.8887117650934546, 0.45049282857965417, -0.4488375330147787, -0.5531478807505765, 0.016768154462904333, 0.5344330567676885, -0.30726281560510704, -0.22502310182671342, -2.07784149692108, 1.0969493897020484, 0.4078444354498285, -0.21396013176576317, -0.4315308731080016, 0.16713874790896904, -2.0042302530385534, 1.4799180162333725, -0.2786659801809745, 0.39774048846504073, 1.8581283348552633, -1.741030638396874, 0.6674698327645351, 0.2438536852889055, 0.9901722625237177, -0.44327585276996717, -1.7698171959570363, -0.3710631423855557, -0.4542362834415651, -1.942362574097447, 0.810129986878225, -0.422872685894432, -0.7504026460267652, -1.6538494793678964, 0.6753004151057606, -0.12887345083889157, -1.3073976461844663, -0.7295493628442403, 0.5798963898209888, 0.3000140192927376, 0.9887329419754197, 0.918044248545275, 0.6156654967782061, -0.5694648117272648, -1.0407281488475368, 0.9981907020306152, -1.159340388229639, 0.32455853636395443, -0.7670828083574114, 1.6534011018816415, -0.9823557939890855, 1.5915876808562315, 0.646504946812405, -2.1617074878508173, 0.2503800405174781, 0.39144715368725125, 0.7906660926319456, 1.2071337445126504, 0.1722737970377546, 0.3327442441936162, -0.6555693438536895, -0.6648964386374164, -0.7023101939474282, 1.8015280715948438, 0.3638576715094132, -0.993361021713277, 1.9169045255981134, 0.3692284634183777, 0.8757878298812618, 0.1867261405356635, -0.2727310875081941, 2.004934159314736, 1.3098527301529195, 0.1697797946307462, -0.9281738721255464, -0.09274816979128483, -0.46146243371945345, 0.6257911128447382, 0.5020299401537436, -0.40089170209876185, -0.28055461303211787, -0.679502548703471, -0.8577686516551506, -0.43506367884806535, -0.27518778230045693, 0.7327531812465191, -0.8270423610144273, 0.9191673615505093, -0.2535086231763689, -0.1916632893279255, -0.8599458607333426, -1.38825350258942, 0.7190244656769352, -0.5728719806888842, 0.5316849554608478, 0.7800957292719585, 0.008862146437158214, 0.8390259451190907, -0.7362103610450009, 1.0991532739243028, 0.49029356684462855, -0.46125173679315534, 0.1949746380288966, 0.2819912720511935, -2.024768343125969, -0.9127194126240249, -1.2241094089437743, 1.1431273862544435, 1.4776615831927138, 0.3217701360584259, -0.38988238507687567, -1.5965496438695272, 0.7882382770064554, -2.248553383470515, -0.18177600619468173, 1.5092742874538971, -0.026694383134681622, -1.5271650767499425, -1.2050632030073676, -0.9578364431609577, 0.7280350483085839, -0.4417527652077605, -1.2086231849477371, -0.7802499012520885, -0.5927524812601267, 1.4485532976780102, -0.4629193853988491, 1.1555605900296269, 0.19901042056777418, 0.5674136081907116, -0.5118371713974433, 0.7446017956792449, 0.683823728901439, 0.02333621960412062, 0.5015396176018913, 1.313851718238551, -0.5132669779629776, 0.7581957291546805, 0.6771427651761844, 1.1029011870678465, 0.5996986142003021, 1.0635988471591418, -0.10051026916038229, 0.1193463115319833, 0.2864073696564347, -0.45057433522646756, 0.3093640050900273, 1.2426809401815422, 1.3350709844146957, 0.9389255778719557, 0.505296295569249, -1.3948655470125269, 2.139721967852601, 0.5849960289627553, 2.573925237388036, 0.6601943285872434, 0.18849943719466658, -0.1710257608814224, 0.5814970449577176, -0.6679952817900345, -1.1900594778863491, -1.4184139346730285, -0.2656954177639252, 1.0058689379082413, 0.8208451222661223, -1.3430484128262454, 0.9812128058928338, 0.13725618613138746, -0.042086377201302504, 2.706420875821068, -0.7643513704338558, -1.3047651921353083, -1.2078432854812902, 0.33129704918110997, -0.6351990626060668, 0.5799174683792215, 0.44578587580509177, -0.571027184261412, 0.469724805849614, -0.48501519506241353, -1.6850683322783557, -1.6845896408885757, -1.447601292978529, -1.1715047619329775, 0.15121245192166644, -1.8967006708272165, 0.3031433620833489, 1.18038604379707, 1.1154708815421865, 1.2104824361785331, 0.47000662389888276, -1.5969901511772513, -0.21214245713033023, 0.0835945902066598, 0.3420784721337815, -0.2781508382046443, -0.8155567391707248, 0.008742673539884751, 0.3776061368170121, 0.6842902576483564, -0.4164758456877878, 1.0200132555199675, -0.23735041084262973, 1.0834328403296956, 1.089548578604858, 0.09986289291536384, -0.5304890103287623, -1.2071492275543398, 0.6606440763835821, -1.0922959534532348, -1.1095227850032785, -0.14213140281044687, 1.351518541342085, -1.1756807834928042, -0.1080012640404704, -0.07085426149620978, -0.024644190399108014, -0.21317914419177458, 1.2518205936958315, -0.07926419516920662, -0.8919132195196393, 0.4453136649522245, 0.9307855449040209, 0.03203698617217165, -1.676048560094424, -1.963347218394397, -0.25687938942978494, -0.2161313062258032, -3.381629754351856, -0.7660212789089982, -1.1448908684270178, -0.7944429391790021, 0.26547731112831624, 0.021735078684344006, 0.5442870854267623, -0.7932296618280252, 1.1149574338610648, 1.0080722338874961, -1.308132112003219, -0.5737719227612716, 1.6100961298181033, 0.7568783288514878, -0.5294352781150605, 0.26547731112831624, 0.6162689560092949, -0.13485695243721935, 1.4000429758704627, 0.5767388441517663, -0.1816504137738225, -0.25072982520409304, 0.15050843274072467, 2.1892507166123103, 0.7848733463396437, -0.33216949499707343, 1.9269261757261162, 0.2780197264462787, 0.6554334810871747, 1.9338760589918735, 1.5840841095198923, 0.3828655798926741, 0.16907018211154276, -1.2369274772619312, 8.533380846640457e-05, -1.1431131452933503, 0.9257195965786857, 0.5515543774436671, 0.11118799408552975, -0.5190171392806893, -0.6164045906693412, -0.19886400784407707, -1.6602891790388588, -1.3577374847215296, -0.7720768529991426, -1.1204438575473852, 0.1393378003743091, -0.3267869069771625]","['v2', 'v21', 'v53', 'v64', 'v80', 'v94', 'v59', 'v1', 'v24', 'v78', 'v39', 'v61', 'v83', 'v95', 'v40', 'v82', 'v32', 'v55', 'v3', 'v4']","[np.float64(0.2536947922358709), np.float64(0.15452973240352447), np.float64(0.11624409343938191), np.float64(0.09243399216009152), np.float64(0.08280976830013287), np.float64(0.08238088724263723), np.float64(0.08007921386141922), np.float64(0.07251616717299321), np.float64(0.0694102747029256), np.float64(0.0596804823024902), np.float64(0.05836052899826213), np.float64(0.051570922213598644), np.float64(0.032658669512373395), np.float64(0.014476523540983513), np.float64(0.01368945199844192), np.float64(0.013399127308366132), np.float64(0.012637475727340796), np.float64(0.0017738727646494801), np.float64(0.0), np.float64(0.0)]",3.5205817471570238,3.598170675958187,3.674688437467418,1.180441662025984,1.031338825901024,1.3867411376779835,1.4945636669983007,4.4313827951055345,4.487800966349528,4.51532708643032,1.4963873794064437,1.404230715037396,1.855342190735132,1.9037807197344008,0.7155315432428551,0.7026907703856393,0.6839015673499658,0.04557930505698051,0.029378429264155903,0.09722259479808334,0.04933085066859588,3.3505744532101627,3.353705129197783,3.4286578439520614,1.0753914973351804,1.013438838235993,1.180275558156645,1.231056538650441,1.2328828995694678,1.2565678570484053,1.2005142627469665,0.4934611204983144,0.4118996836699132,0.5112346751271704,0.549225948708627,0.8215637986844039,0.8103060669052444,0.8517462010542782,0.18244645251166208,0.1734134800476744,0.24984159021584507,0.2714447943991298,False
f818_a,m239,"['90', '91', '92', '93', '94', '95', '96']","['433', '434', '435', '436', '437', '438', '439', '440', '441']",f818,m239,False,0,lasso_no_out_standard_k20_lda_nc2_sex_on,lasso,lda,,standard,20,2,6,7,9,True,0.9968276619911194,0.0031722497660666704,0.0005660388269461691,0.9994339346885681,0.5238365530967712,0.47616347670555115,1.6912241409201056,2.7933064657315216,-3.5543970211994655,0.9870865967005721,0.052476573448839846,-0.07405449122506791,"[1.909498079379752, 1.1558960176612538, 1.4167629191416637, 1.3508874600178606, 1.7192432183209108, 2.3381574580790048, 1.9481238338402933]","[3.6038330410995356, 2.786270396216391, 2.1575901607822403, 3.431209552306753, 3.062933137323942, 2.098722952085811, 2.412586020305978]","[-4.247281626740789, -2.769564096003007, -3.645600485303373, -3.490376419090999, -2.9920030346073285, -3.6439797098187654, -4.41200298329642, -2.5385806031311544, -4.250184232803357]","[0.5048466576716154, 1.4843694514429417, -0.5385806647481118, 1.1753765426277651, 1.8808831694378116, 0.07369588185342721, 1.865659753116984, 0.30657289135275795, 2.1309556875499567]","[0.5056460067296631, 0.007243675501899626, -0.4828382750833296, 1.0355490797500149, 0.30183533220315845, 1.8710148943101914, 0.9681973135334667, 2.158875412946431, 1.1193069993930866, 0.7476734776293221, 0.2588292327584672, 1.2438992963836293, 1.2688472185012178, 1.15523339224332, 0.6620356527879772, 0.807414735591123, 0.7147474883380784, 0.8509191839499678, 1.4794940163350516, 1.1248430947350019, 2.155717025263209, 0.03523905013114344, -0.5245757831764272, 0.5272025933929121, 0.01497466707126116, 0.5236058104309633, 0.6328946629830978, 0.007152180666404462, -0.18608422743716113, -0.2100727316878331, -0.641594285826607, -0.28290091352657915, 1.0688323219645801, -0.2286622223962907, 1.4596863973684122, 0.619521257400507, 0.1410657105152469, -0.06886539635580452, -0.45025069660060807, 0.6247504713610658, 0.12362416965396408, 0.6664917935948231, 1.358320675914416, 0.885151073050015, 0.5372874750096788, -0.4611881386350998, 0.06859872143172525, 1.9709597387822653, 0.10389427280957002, 0.8863926725794967, 0.4077234403219126, 0.37875657010411645, 1.625798384787618, -0.2994454526853668, 1.203158875697192, -0.7110280231932143, 0.09381432220009357, 0.17665683448905306, 0.5215483100764687, 1.1985891482373898, -1.306362140149868, -0.7645989803823375, -0.06795006484629458, -0.06889363039543456, -0.7406843837895757, -0.14532507580657564, -0.39104288847913266, -0.6486521339510828, 0.07753709868032117, 0.48106285450637193, 0.8285590662627197, -0.22923175648138955, 0.9272774295635126, 1.0850119744085855, -0.44034138599313394, 0.23094592452065002, 1.4366823871570489, 0.5745683673248434, 1.048210976949784, 1.5156300089695904, 2.658017597920276, 2.3895012218239247, 0.10676845118844924, 1.948986327872576, 1.213428316458145, 0.16742295662539877, 1.2664566340361023, 1.2387921739996808, 1.9138586483978448, 2.042763154376477, 2.0759540455206507, 1.3293652614787463, 1.6212063284336444, 1.0446512802502648, 0.9393695045384635, 1.705403954806225, 0.6738154956056825, -0.5345777775731176, -1.4656910636517366, 1.4056034047974166, 0.4511370306346141, -1.761902993731484, -0.4111451174281002, -1.3576353596905792, -0.08727475744351004, -1.3833347676013596, -0.17640543295000383, 0.19392805030316676, -0.49544756362370695, -1.3967814506638354, -0.32781454046703307, -1.3164742592883685, -0.04306837692702523, -1.2870453606900425, -0.09652636939018441, 0.5759430360681038, 0.28198520516915543, 0.1481138961451456, 1.0302343771527191, -0.5818520141886866, -1.3762673764940263, -1.0858624972176394, -0.4819295277476135, -1.064618223508214, 1.0753036850155653, -2.8323295631310796, -1.057870252946379, -0.14648208159940831, 0.805294517625295, 0.253672032227675, -0.8154404146830098, -0.4389657159066278, 0.12595188441042857, -0.5255224006623318, -1.5384789764388822, -1.4502193806963368, -0.32619627535695894, 0.04437587145052488, -0.8118129439059103, 0.12723464739265716, -0.27794626942974227, 1.2922309368751095, 0.48074655541781885, 0.10100962776888824, 0.39118831209320126, 1.228045724896121, 0.8967160944940392, 1.1085008234696998, 0.1739548779849965, 0.8895812512382179, 1.2801394850496406, 0.6159329058627238, -1.2789386119143358, -0.5871760180400056, -0.4073618223698374, -0.4192916493334669, -0.011554207311259277, 0.6859061887618871, -0.40844053678071796, -0.4195651154885411, -0.9331846226495257, 0.45870600773190734, -0.3766807626265677, 0.9302807623466794, 1.5832006393235198, 0.38301507350644404, 0.20777880359245626, 0.37051961900446223, 0.16549338578806247, 0.18842201335737055, 0.4956877846386422, -1.7293087367634552, 1.1869797878267214, 1.239261069732077, 0.9564202428318958, 0.8663687602761018, 0.9322020417635161, 1.3346908991675674, -0.5765327408644799, 0.5294548294989521, 0.2233278605765374, 0.8580891813377773, 0.6908807957682144, -0.1675711654255178, 1.8454068766138199, 1.8109039907385602, -0.050902575990908874, -0.4914347824357797, 0.8705744871008478, 0.7182425002367021, -0.5442986621972313, 0.27880871982586786, 0.3260761391289451, -0.19690105809020367, -0.461211651013363, 1.8130954077279642, 0.8688220604620542, -0.5405482062328003, 0.2999007704858928, 0.25021641695476027, -0.7192260690055305, -0.5817610121797855, 0.3981259908086352, 1.16005562207282, 0.47990277473490517, -0.5333728037359797, 0.9546091732159252, -0.4729194951258265, 0.8500920618120084, 0.30806020982694643, -2.022254141037035, 0.5744497833460822, -1.1454380587888624, -0.15771984308308662, -0.12426047586062493, 0.10980694329858047, -0.3972751870738898, -0.5433367143113463, 0.9523754154679221, 0.6102202507804579, 0.08617470681892805, -0.886735893510378, -0.5167436003760534, -1.5769228440076855, -1.0216028008528213, -0.5346552482984965, -0.5209984422794179, 0.4258892905318602, -1.0457056875375, 0.07550071419781512, -0.9373940860863875, -0.4619538018096431, -0.7215973450212186, -1.2162331759142746, 0.8493280044632386, -0.6145616972546518, 0.13489467014091552, -0.5142030365611562, -1.6772969719283664, -2.444970133154669, -2.4782104276530057, -0.8304553814850731, -0.7812860491746015, -2.088196564123027, -1.6840385086253047, -1.7071535209511388, -0.6196287312040901, -0.5996334458059414, -0.7815021035586002, -1.1016690004637169, -0.15788388782572899, -2.574938024731329, -2.624022051372375, -1.3245805101577877, -1.1692948864841426, 0.9325139079968969, -2.024908331625254, -2.5172515613751125, -1.7352906881814034, -1.157027248931817, -0.7687251923434898, -1.7222080020009127, -1.167502440298565, 0.7577079176775512, -0.8325961886050383, -2.145227861097519, -0.374085342052872, 0.6954813422021736, -1.035479920345462, 0.09103610754095376, -0.01771508972236435, 0.6699459330605758, 0.035781045514399895, -0.5637458607622002, 0.6368837214865457, -1.2811553408618923, 0.6222397987622096, -0.6846173646926377, -0.8274135132360907, -0.6389774696249145, 0.9827058114397096, 0.17766190313458408, -0.7544593100248038, 0.12889243729141528, 0.48429534201865293, 1.087290174578524, -0.33843619151466203, -1.444385463307849, 0.8229290496762437, -0.21099547508899924, -0.2962305995789932, 0.36402141703060703, -1.0072178385223067, 0.06873404717339555, -1.1999655937909184, -0.4809852591387715, 0.06263132440604652, 0.33538518658967076, -1.4539528965636974, 0.16367927190344392, 1.9625811280564578, -0.11180882804629372, -0.08346750376666123, 0.6810680993021045, 0.7472896499691143, -0.5469364902987396, -0.2682034444300313, 0.3524612759856062, 0.199425075247862, -0.3732660770118116, -1.0373521286207956, -0.28246343041971184, 0.8501932719886662, -0.1621377324068467, 0.4612619181128796, 0.491118469117194, 0.07627595446166648, 0.004115606822950145, 0.9639363455777715, 0.005462752993332344, -0.9658752704108311, -0.49860024183146273, -1.0780568801127277, 0.879398962786654, -1.0775132316391947, -0.8721564317918898, -0.4360101343351158, -0.6045711979958998, -1.049235459050304, 0.06851012619427144, -1.1702443756256216, -3.1678726050792014, -2.565365046154021, -1.017016997158648, -0.4554445590779636, -0.16715414125371367, -1.2074840833732134, -1.834321182676805, -1.4179159297004222, -0.302854515883456, 0.7938097651760584, 1.427537028835479, 1.2717795951499271, 0.1367467362477852, 1.1929263995870032, 0.4159072883896979, 0.2347037853474044, -0.3925380742013991, -1.6400834799292592, -1.0000070298442656, 0.38000110499781237, 0.7938097651760584, -0.33986178283495483, 0.6078425703873873, -0.21094910086220986, 0.2934916374311505, -0.8481468148829361, 0.024653860878038825, 0.2590344174747926, 0.3700041552447988, -0.015061742158858419, 1.1667964449017711, 0.21721775958451867, 0.4343283579754711, -0.7759351331450546, 0.12509255536999914, -0.9189663889346285, 0.39964600473617845, 0.23926156631866766, 0.5655354577730745, 2.2798994132902393, 1.3320462141011604, -0.7917826685532902, 1.9018390077855705, 1.5476526080202095, 1.671313011248694, 1.5358941898001035, 2.089097262204979, 2.4006968145009697, 1.3855770092360362, 2.042240425277582, 0.2923142927792334, 0.16428843910531213, 0.3230588028068009]","[-0.2915899683119519, -1.3234782746273128, -1.036673747365926, 0.5015665847618571, -1.0758174547193453, 0.6938447112351207, 0.07479897819740564, -0.35302698158619167, -0.5517768927798472, 0.5648704307866609, -1.0540603806933109, 0.2298395508030075, 0.4723219810050275, -1.1119948293220259, 0.7240183292200598, -0.4432491730237817, -0.2959684934261, -0.6563016953707681, -0.5616375862353139, 0.4634072340823128, -3.2949157370142688, 0.5910039412432607, 2.0649049228783727, -0.24498944956422425, -0.5811001253624477, -0.0865116216213898, -0.5657722412174812, 0.05043901599121966, 0.1043904678409649, 0.3216987362466121, 0.25624895682920795, -0.9410456555861114, 0.08712688805069978, 0.07729275939828018, -0.6909579748804642, -0.3932855764227985, -0.3660477175801456, 0.4995248486835976, 1.3976384939713522, -1.4750928367864335, -0.1735411625550125, -0.010542031129268138, -0.02509527005276699, -0.8194366599369713, -0.33215015610485743, -1.4077886390197647, 3.008832016979474, -0.03655552859850559, -0.6097061691115943, -0.32217225713713316, -0.6433605170141002, -1.0709833889086722, -1.4405731641438886, 0.8966311708214586, -0.21929699009752776, -0.3297800243666191, -0.2642456659252195, -0.9951707370995193, 0.6392748414725921, 0.08405640018186906, 0.29260617307673087, -0.6030086832806638, -1.4260463716699587, -1.4160538201270272, 1.0392808273274399, 0.4159572144224267, 0.6094584187201165, 0.5076240749120403, -0.7781844641944924, -0.45027167717856365, -2.2848784240241513, -0.03363736447869561, -0.26903737605147227, -2.630150501262791, -0.5550601416276366, -0.7463901244802201, 1.4071397139359323, 0.4225850139591666, 0.21707146662006543, 2.135077391241399, -0.8393257262407986, 0.7703859923336932, 0.7585809951032909, 1.6126632113928796, 0.9968672081743336, -0.5558346807977245, 2.014301181794621, 0.06895377069246673, 2.1650057659594504, 1.4485703371392833, 2.7459844166285685, 2.1724494929304448, 2.4514419287685696, 0.9213840614868458, 1.279491103817952, 0.7467312506851795, -0.2041348291335763, 0.5080585046073828, 0.35034436949304987, -0.5088918933492995, -1.465742996142478, 0.551782268039205, 0.708932289579262, 0.8996366487804253, -0.41083316421173394, -0.7258159259228253, -0.13765503027213608, -0.30706871530880225, -0.6960270523211464, -0.012305429143412825, -1.676380771870417, 0.2758082587284918, -0.887666484121356, -0.8939347688862488, 0.30927437893870835, -1.423099716052958, -1.046194702999104, -3.0126979374268545, -0.7990202190965542, 0.038721157804646814, -0.13200498116765474, -1.773149945216013, -1.3599314954020725, -0.5873929640057111, 0.07057836848400058, 1.4892155124872906, -0.6180962980741217, -1.517805202683798, -0.8637623495027142, 0.48831347227622485, -0.6364353507436861, 0.6066870160548872, -0.2610921567209579, -0.4819452318093663, -0.8761538251323535, -2.0329428290652793, 0.4451965636517355, -0.6284235154868257, 0.9006363205521408, 0.21439128931164222, 0.17524266356683055, -0.2952488798702765, -0.9989043470168253, -0.03847040566622512, -1.0313733895995874, -1.4694362606243399, 2.769004111810709, 1.992676917861124, -0.34094075975083676, -0.3380327618478125, -0.7130908361811302, -1.0347009747482365, 0.5996887277398505, 0.8530047279761881, 0.04970717603453145, -0.20855073315480666, -0.15961270162409755, -0.29927862075863965, -0.4177005408221516, -0.6970245806384207, -0.11254619229606025, -2.852407351187481, -0.00223971972614396, -1.438868924988015, -1.1891717578473053, -0.21286534515700184, -0.711457635079295, -1.0323612371957538, -0.861526580274065, 0.0412968780982735, 1.7035183732905197, 0.28784026624257036, -0.8675589826286252, -1.1804713304754293, -1.0812339431071663, 0.624230443930037, 0.8329965699699564, -0.4789436773045624, -0.7922007979895522, 0.5244803824004309, 0.20127635685953513, -0.08580108360197217, -0.3152334590272454, -1.7570511153369694, 0.29607598558184695, -0.5186581174706465, -0.19383273769761097, 0.7401399773865253, 0.15397191475681135, 0.289896842576472, 0.49063940342746065, -0.05024201364646534, -0.5880885477634346, -0.041515144525009894, 0.703648752742329, 0.5557625760116158, 0.15604672864536964, -0.3135618401496085, 0.5907093781226825, 0.3880393003857252, 1.14030637733423, -0.38140904422118055, 0.10756034956909213, 0.4177957451976344, -0.11148418637614133, 0.9331200087574675, 0.3429940732531607, 2.9827813153218647, 0.12806999630932345, 0.7329472557815536, 0.7752088204013381, 0.40137300779993257, 0.15507867453229443, 0.5860866633381505, -1.3413426734548242, 1.3137108280190144, -0.8099348595697298, -1.2361419228414623, -0.061433164330115676, -0.8877314007626038, 0.7283113799027433, 0.21063347654656145, 0.18153860006179895, 1.4626975759617251, -0.3738087680178353, -1.586232028433717, -1.4631015496478548, -0.7731961608545603, 1.0311007302878659, 0.17579271755287004, 0.37650054596384397, -2.286740231719882, -0.4716045344609388, 0.03917646207718538, -0.530168036411748, 0.026687370069108252, -0.7906028411191908, 0.12600455435088714, -0.0694441155807875, -1.1268410467331844, 1.3170588215376609, -0.11137162120110358, -0.6223754353644125, -1.1817498311925052, -0.6452921225426261, -0.23844132458368156, -0.8977086185239982, -1.4651885603591344, -0.7952293932690857, -0.24831371675170752, 0.13183127732858763, -0.09866607270924822, 0.6357927385280282, -1.8129504173020166, 0.006214282531431449, 1.894697108553742, -1.870628247086767, 1.743423550812055, 2.8122791049937748, -2.0050363868827428, 1.6136119972650818, 1.8084382668414323, 0.23457607500445402, -2.578122660962629, -0.6775194849925451, 1.0678122995408135, -1.2252628448590324, -0.7658968024297385, -0.9308419787653788, -0.8653789811060412, -0.5503809442044393, -0.499220271822198, -0.4674975624994791, -1.8126149786561894, 0.12562276722284518, -0.8202344461555946, -1.0681613009614683, -0.990058241885577, -0.8474804702589569, -0.9675934994648676, -0.549760933952082, -0.3199844814484894, -0.22040799868984312, 1.8379842684699903, 0.4524756804766807, 1.2943008952404518, -1.1694402809674576, -0.6409730210958098, 1.4927761076161414, -0.14030703805309275, 2.39758274193593, 0.2933070198370289, -0.0950764719703463, -0.953669885967893, -0.19333038389845753, -0.15424459337836038, -0.43545563760362066, -0.2052906017846458, -0.36149256557853854, -1.1020854748816598, -1.4047957412246033, -1.1834176546532011, 0.41214466471927574, -0.4734959051786165, -1.690439013027583, -0.1725353858339317, -0.003676664679754626, 0.14804506412532648, -1.404777147124215, -0.9869062004666114, 0.09745071348876926, 0.8405827073448915, 0.6118970064454536, 0.832931978418704, -0.6569463782646645, 0.7690743384658376, 2.762226055133859, 1.094342946532017, 1.4415112740353877, 1.4990076023853218, -0.42414385784537356, 0.018385667348680627, -0.22938866048133555, 0.21800213092844795, 0.1669869375224013, 1.3945591231457222, 0.23521646948078972, 0.30301260153618076, 0.9247214267177487, 0.34477291652847, 0.5465094333171414, 0.36205092949777645, -0.6651291503439627, 0.834774887328338, -1.2888191976721366, -0.38178874968113957, 0.08342904049629346, 2.0965114353032064, -0.25402962224271847, 0.45481819893521597, 0.41978783323278746, -1.0950240164544849, -1.1322760792840545, -0.6698985611824474, 0.05601027681221419, -1.4816753380394867, -1.0260715259124888, 0.3953478909840847, 0.35044448945907686, 0.21229680949882765, -0.4030897461443012, 0.41978783323278746, 0.998016819690965, -0.4144957809411417, 0.22119982843491856, 1.5358554724400173, -0.1511848902043229, 0.5376218479258356, -0.04208340655324763, -0.0761771446422471, 1.6045146254636915, -2.1597150325456225, -1.5247529677082923, 0.5381809220807925, 0.6895930721110356, -0.11258054719802837, -0.023520965182112642, -0.544363801680527, 0.15268632645577532, 0.6981597012091922, 1.2367760086493158, -0.02604797788533695, -0.6740357035814979, -0.0059120990320056434, 0.9017144629499192, -0.4247074957059853, -1.2316424480622472, 0.8773591247907717, 1.383969713165219, 0.292517310159597, 0.4471712966469132, 0.02198170117125542, 1.6071029003881885, -0.22218287927563052]","['v1', 'v7', 'v37', 'v2', 'v88', 'v12', 'v6', 'v13', 'v56', 'v94', 'v96', 'v92', 'area3', 'v30', 'v61', 'v54', 'v58', 'v24', 'v3', 'v4']","[np.float64(0.05373779365841252), np.float64(0.04917047115185699), np.float64(0.04802724885026876), np.float64(0.043978339092760096), np.float64(0.03809426160663388), np.float64(0.03043129990336025), np.float64(0.02893317796340335), np.float64(0.024297185560850504), np.float64(0.011954375693929702), np.float64(0.010732360105359221), np.float64(0.009111192581116753), np.float64(0.008477979106881152), np.float64(0.004465057639430702), np.float64(0.003527346921010708), np.float64(0.003480363955720056), np.float64(0.002448306814756675), np.float64(0.0006558172234013245), np.float64(0.0002789297486661022), np.float64(0.0), np.float64(0.0)]",5.547879918649904,5.645142282460277,5.735578467696643,0.9627954661869172,0.9232731148708189,1.5216855882980722,1.517863426944979,7.05184103115052,7.052864292593827,6.983223640344251,1.2330388948804163,1.1659121920894524,1.9332630539325895,1.8448903704115516,1.2701405297693025,1.2749670716208645,1.2714866919586558,0.02671373055362461,0.01404632456603172,0.05786527817809864,0.03715252436975652,5.245621162119571,5.245621162119572,5.363222928139676,0.8679477926499013,0.8175626448831448,1.3706917391567917,1.3933550406778554,1.4777862616933617,1.5126945402174143,1.416544662434914,0.27861738958487425,0.2516897654426831,0.7183646198620967,0.7706851750594126,1.2495363929002767,1.3467407371078515,1.204010681818324,0.13783442065004511,0.12455617496571489,0.21830762784183688,0.2057299520863795,False
f818_a,f520_a,"['90', '91', '92', '93', '94', '95', '96']","['458', '460', '462', '464', '466', '468', '470', '472']",f818,f520,False,0,lasso_no_out_standard_k20_lda_nc2_sex_on,lasso,lda,,standard,20,2,7,7,8,True,0.9968276619911194,0.0031722497660666704,0.9979768395423889,0.0020231876987963915,0.5238365530967712,0.47616347670555115,1.0118690366206418,2.6651127518701587,-3.1855618077441896,0.6951957240747361,0.04792034168127351,-0.06306602879085677,"[1.4466948589654405, -0.5128227724863934, 1.3527230541703403, 2.1313907314751384, 0.5925398512673815, 0.5315933692391298, 1.5409641637134552]","[3.2215490677745238, 2.6587557648852984, 3.4411492383943614, 2.448188155308079, 2.6924200335363184, 1.7613599625074055, 2.4323670406851257]","[-3.8100097765499283, -3.2079597207302353, -2.3304327737437163, -3.201169258487625, -3.1366517141313506, -3.6972087475936215, -3.7964611070012793, -2.304601363715764]","[-0.3450935826279891, 1.2846014695152705, 0.41803419111884826, 0.6097783278105652, -0.24936856608524183, 2.3520174795798647, 0.2898180818608585, 1.2017783914257125]","[-0.6334124456606053, -1.460522412949184, -1.463757885734593, -0.2818961582535921, -1.4301834968235563, 1.4641969892319848, 1.4101019909410166, 0.7670727751281198, -0.45109352868058833, 0.9807574779661555, 0.11339179854101057, 0.08133073086852022, 0.26146220621980004, 1.0437788199266453, 1.2335835689451928, -0.45184209963429317, -0.6470284658063148, 0.1077980266983375, 1.8618228228015643, 1.3329858984522602, 0.5664603277259698, 0.5634123586694201, 0.4982076516754768, 0.41525739370596293, 2.065020905218779, -0.5092925823424512, -0.45913181367422384, -1.2211159348342258, -0.33662888271176705, -0.1791242553983743, -0.4003827184807345, -1.068861556918553, -1.160296380308052, 0.4785702390054101, -0.9162477446280619, -0.4963134963478006, -0.7153518613690691, -1.3571358720978337, -0.43597445153894077, -0.3898251376485491, -0.03653887985942603, -0.37554132750474706, 0.011421986678561095, 0.00945351545498948, -0.07242776300926036, -0.2235091599710107, 0.41543230068206227, -0.02137135099749785, -1.9634899467091784, -0.45498620059381323, -0.11094761610068034, 0.6387047144649652, -0.6041668244665667, 0.2920254797864682, 0.6078227267271623, 1.1112961355893403, 0.01789744299040971, 0.7756294259726029, 1.5914861641759364, 1.7935834798244512, -0.6745534635449763, -0.2868864203527945, -0.23250755388395158, 0.5847901572514541, 1.4345959516462818, 1.0870869414671922, 1.4906446359560372, 0.8623047802065843, 0.47646882337059415, 1.5961880414325103, 0.22920356288411156, -1.1580106053002701, 1.2216843230690193, 0.3965854292872933, 1.2357773841034772, -0.8502491587477766, 0.4079411069941437, -1.318864848350857, 0.1365689069529461, 1.4484471788219309, 0.6350501535312726, 0.8867846685929988, 0.2898205106803413, 0.14797816185437826, 0.03161017387130268, 0.21353302361811602, 0.4147344138634096, -0.4987407110787543, 0.4286109907277681, -0.8336840368309144, -0.21216246459804447, 1.120871817876018, 0.4881172472272614, 0.728091107561305, 0.008511269508104075, 0.5969777543446394, 0.285029872389566, 2.1566711167052253, 0.6807085651302656, 0.7478809019041991, 1.0366015034723255, 0.09817203279087613, 0.36715399361156825, 0.4579271581860342, -0.4046140263267046, 0.643393560657212, 1.066933996793585, -0.4109071238361499, 0.13055711065328734, 0.6497373560296855, 3.0005549057128116, 0.8041575886125019, -1.324054180479416, -0.34884472741676886, 1.3127191576091384, 0.07089498652241846, -0.7352623323100749, -0.3665885632973605, 0.3039783498489767, 1.8083951617197147, 0.03542335650451394, -0.15784105447807295, -0.04581408818361843, -0.7527725720822667, -0.7346978876244132, 0.18753376122052506, -0.20163061939950488, -0.8642722325676941, 0.4311944602253748, 0.9668719940972536, -0.17606803343066202, 0.014146483576615564, 0.08810116013191889, 2.783970763263303, -0.6322846635140319, 0.33927832236741917, 0.13833341240398533, -0.833617219550904, 1.4038146356185166, 0.4921678259183146, -0.35918958745130863, -0.019982073787325687, 1.3004621565926253, 0.7751123541315181, 0.550780580482933, 1.1133475126767196, 0.3780121845992148, 1.4460708040617163, -1.3001615189102738, 0.16944429564975264, -0.8180718148403766, 0.24600685222121021, 0.08876716852710036, 0.2813782575809504, -0.7044392294073026, -0.3562967643576784, -1.116758627596377, -0.5723217145213366, 0.6176887886270245, -0.24410033857198662, -1.402077927185645, -0.24933753489454466, 0.6657257138070801, -0.08203631078012585, -1.7207878173024214, -0.8337473893151489, -0.6695872838268911, -0.42835806996294173, -0.18491990655857649, 0.9553087837235535, 0.32871232063115785, 2.4569710322988247, -0.6052032250074131, 1.4732536885821057, -0.6793240857250163, -0.34987333208456006, -0.2288756549867178, 1.0647225406233056, 0.2511978807638941, -0.3520819098510787, 0.1950835061174989, 1.754689211593664, -0.18301665225825237, -1.2010754675622932, -0.6974506517646345, 1.662518325447642, -0.5747753014172984, 0.8352794082338919, 1.0525440297073672, 1.2622994610412206, 0.579254353330937, 0.4102648491987289, -0.518546722410969, 0.7265699870547668, 1.0606283281496718, 1.5276001437160605, 1.5860549523304666, -0.5274767550860376, -0.9465404304717975, 1.380691098100137, 0.30273892677578007, 0.7410134669519546, 0.38629331877899575, 0.5093164913462723, 1.1841442687333776, 0.6418803694707952, 1.405098017127532, 0.41968856348138345, 0.19800275406075196, 1.7997989887237644, 0.6356902464194861, 1.6847850457762632, 0.598784431393668, 1.0147360669910537, -0.7582123621733892, 0.044509402841438846, 0.46596400359482, -0.37840817939121, 0.8905216484059686, 0.921492852027573, 0.3803070796723942, 0.3933154680406621, 1.0754353223966082, 0.7865556540963691, 0.049949952085383935, 0.2277007128800781, -0.016938787931816243, 0.7697206113582067, -0.5288350532418788, -1.3656541329960459, -0.2907554626924624, -2.958311649571618, -1.3814411837103573, 0.8609266464665224, -1.5147798473577185, -1.8159524094349764, -1.444958259062631, 0.29590179622019575, -2.201759916182804, -2.365115129339734, -0.5871966743604519, -1.579884462959106, -1.1293145724061673, -2.4373424814937557, -0.9040389719155187, -0.4228626341850395, -1.1429288209348296, -0.5759142120145436, -0.8442638883395132, -1.3406152305724475, -0.18692742023823694, 0.062649883991267, -1.6866713415510244, -2.5987729157835537, -2.2091005518842493, 0.28160220456626966, 0.7764937613686245, -0.8743653297834602, 0.780769368525896, -1.383164030338379, -0.553218288006733, 1.1658817439991955, -1.9208078849917585, -1.1094039473970847, -1.2825595571846278, -0.9060312509697049, -0.8601212785422077, -1.509344761650885, -0.9283447477227668, -0.2776617903310919, -1.1469628051825471, -1.0385959980460209, 1.1981949907438272, 0.14990739965460276, 1.7001207757763408, 1.284232415236359, -1.4122199085369411, -1.2470780030561766, 0.8487687539020335, -0.2514708591841614, 0.3032033915005507, -0.102349442921855, 0.284695120919622, 1.4943817503195806, 1.3718240554375813, 1.3012751836239171, 0.48584913493510684, -0.03839975466162108, 1.470191531806827, 0.98148172514861, 1.4473915537134694, 0.09545951830103418, -2.0870540956685653, 1.4687103923655553, 0.33285758377030733, 0.5517984739708812, -0.8955986547620174, -0.768543505563222, 0.9315498706711992, -0.24809861424679733, -0.31616802081017825, -0.8968827040853142, 0.5217878478499949, -0.19817239232455308, 1.0285565086991217, -2.2760626972052473, 2.287744706009686, -0.44216162757109273, 0.07691730831893077, -0.23392530127785768, -1.1589802324595524, -0.7190320998337364, 0.09856946524926251, -1.9392059058732445, -0.4216287205350216, -1.7609322183148655, -0.15930998010013234, -1.353502554945002, -0.8540072345614714, -1.0468219382228572, 0.3564053294572568, -0.8393117309684541, -0.8950744342805164, -2.611468758930577, -1.0322549320008187, -1.1862604736507745, -1.7857023104771954, -2.388882105384667, -1.31514586525441, 1.1109748028099382, 1.156414957937148, 0.9033866533621062, -1.570670226127125, 0.48707152596552616, 0.6142795069666924, 1.7889794789779045, 1.297400633958595, -0.5069581764444356, -0.7047934627121947, 0.7240824388181877, 0.3658427806370666, 0.5235102701600007, 0.4233887087147079, 0.4474674808196123, 0.7395610268116058, 0.06837540451502677, -0.7353702023620065, 0.4321982190259049, -0.7818825854769013, 0.30120076158126674, 0.5958657780883686, 0.3658427806370666, -1.3128467296266466, -1.408780857766555, 0.12265276011976751, 1.922672584275257, -1.4784023609362587, -0.6873174864988097, 1.4330087397670952, 0.17891494894327312, -1.134875081572584, -1.161916009787604, 0.28851446828690164, 1.0882145088737945, 0.1197217054266119, 0.25137751662813207, 0.2305680555736196, 0.6460480434570224, 0.6957406442631073, -0.46608965000258723, 0.3207721345829982, 0.3169628820971029, -0.7184969246349153, 0.09819204869747553, 0.11679401176722716, 0.12624346137897086, 1.0477738844277678, 1.450985060669876, -0.1848396180562145, 1.9031822370247289, 0.7681760478673005, 1.571139172749752, 0.636437431760537, 1.59246946486677]","[1.4456410314855368, 0.25382277500978556, -1.0122148490576077, 1.61129131094669, -0.28448936319875995, 1.498762424910944, 1.3688255111301006, 0.8862419569364751, 0.03663784474105791, 0.2924329792305819, -0.41833781323251673, 1.458474208412779, 1.0085941387880282, -0.23939058881627578, 1.2361832237323291, -0.2562610351984678, 0.32485967702832647, -0.33328845262607093, 0.5542461257307836, 1.8882481335673058, -0.4621557190470706, 1.3813998363390962, 0.2338190914710204, -0.46366018164278666, -1.5419161650584086, -0.15889436979549254, 0.13809569060406607, 1.2751988329142734, -1.0469559448937935, 0.4207860667851153, 0.948985378811237, -1.1993727322438859, 2.039679100226342, 0.19641382761701812, 0.6144795907385817, 0.1845621794469339, -0.5708691000780902, 0.5382073468101805, 1.0884951431258938, -1.0668924110681028, -0.2106414616663604, -0.2931470341576249, 0.7235917130266745, -0.47801606669363056, -0.4135974646517792, -0.3629052355144883, 1.7239232058409082, 0.3876202679858127, 0.16656345954969634, -0.36815945287577817, 0.24128355418680802, -0.3362996063420296, -1.0599623637797668, 1.549557963150063, 0.8211040955374402, -0.38912303109872, -0.42549769637436136, -0.30633805589619595, -0.20170908930560025, -0.35022472001251, -0.8379648579902451, -0.5474331352047126, -0.10029934903469366, -1.7554345757795458, 0.17004094842553757, 0.18100913664040896, -0.5611569727349188, -0.2936194504400448, -1.8242488007963498, -0.3878451916308351, -1.2281191157637383, -1.198450322662992, -0.029332644742294606, -1.1726221425255865, -1.2706601356884175, 0.10211226024258688, 1.1992533576334174, 0.45183139020722884, 2.160431616354782, 1.724815560724443, 1.2023845464375307, 1.5487992273791757, 0.8126145710569994, 1.384070958134457, 1.236430759287655, -1.1574767393767769, 1.7209630507317886, 1.0521885313332393, 1.1472677974161647, 1.9995189936777344, 1.9554831165867443, 1.8368001475351634, 1.2244475465480227, 1.23087147544293, 0.42336844859569595, 1.7977476207926066, 0.3285011995604615, -1.3355151464796007, -1.2448715383737161, 0.021828025872650987, -0.607715086477199, -1.7563081199373851, 0.3815338204269507, -0.5256706540704202, -1.5121848945882832, -1.2906378706045334, -1.0443986074449767, -0.5929863761771019, -2.773915445019346, -0.8273716600338605, -0.8804856043142442, -1.0645979089851698, -1.4889854058029037, -1.2605442082092468, -0.11838536359365605, -0.7059228298432374, -0.757930703693935, -1.1232463424884258, 0.02075631833417034, -0.7856525864567119, -0.7632947549537014, -1.9231086070952705, -2.0136203550929257, -0.5041601020250464, 0.22687398513962043, -1.4131682511379382, -1.63595940322532, -0.4282337427235964, -0.3891725484078469, 0.654915699741269, -1.0967848858919234, -0.29187717090752713, -0.8556899154978304, -1.3047139616805907, -2.542300191188884, -1.2078738336164627, -0.7468722990211472, -1.0337839852594253, 0.0957895081587023, -0.6611083545832392, -0.7889759032181534, 0.7931179022137844, -0.5780007818818692, 0.8950179679010002, -0.5770775371012212, -0.25901197358764344, 1.8329300915983264, 0.5348518433970526, -0.5319973977773249, 0.8314065696391524, 0.9423034477889948, 0.1453845907195069, -0.85254286830094, 1.0716148764989037, -0.6104740367840837, -0.8397082488989239, -0.5589000916139002, 0.335062603236935, -1.8684820973807772, 0.2223034761291753, -0.6976342136271869, -1.7570668091873003, -0.2857880691819022, -0.42272922616754915, 0.6635158464352648, -0.3333371100767942, -0.375437823473091, -0.021837018329866426, -0.35809091164027196, 0.04409359299595088, 1.8129459279203006, -2.0598248627605438, 0.4099766919430018, 0.46473876873072884, 0.2838768503897403, 0.01250083408691924, 0.8224021366725679, -0.11177279036997155, -0.19895776282996688, 1.073766821110063, 1.247851136205195, 0.6654415233015946, 0.8455168458922323, -1.1709560489248227, 1.0475962067620554, -0.22409256711406192, -0.20431688425589148, 0.40579975888553554, 0.6319703225851476, 0.1151709983877658, 0.13718738526933308, 0.26996603351636717, -0.021996995390773617, 0.16481118462808247, -1.0327847664302192, 2.084481104708867, -0.6455351563359174, -0.34681950234020076, 0.733640865729109, 0.34541674883346, 0.09659653930267623, -0.7307694445219602, 0.7602582161309887, 0.5864520923482004, 0.2689729887651273, 0.5027558902384373, 0.930956554748295, 1.319283585682217, 0.44074155460741465, -0.4154588960332861, -1.0840863553532, 0.02524737576683598, -0.9651401126862106, -0.22418927671026043, -0.509134491288016, 0.9468855333099934, -0.6379625924240835, -0.24047918852099098, 0.5323489956217028, 0.40055051629747707, -0.6085208964683456, -0.1853306238870459, -1.3391885787625186, -1.9433388153112119, -0.6401673795445122, -1.7303741145082503, -0.6822663098667024, -0.18222775370632446, 0.2720177484661336, 1.2957335527943599, 0.12600891544402265, -0.6900749708065582, -0.06970330728121597, -0.19692089840249807, 0.3140608692252245, 0.3822611987510758, 0.7858175222391544, -0.39363574784018646, -1.3991639041507096, -0.7340398577250016, -0.26105340499537283, 0.08026579949390218, 0.37671609707584774, -0.11573653636902179, 0.39200199442914024, -0.028827592292906313, -0.3891001775577721, 0.5899452109380289, -0.41215554890569794, 0.017352758689804296, 0.6834116759148433, 0.26585620639631774, 0.6298998993597819, -0.3121602225169342, 1.2213895579065561, 1.4478719573270507, -0.9827487706382916, -1.7218184561617424, -1.6288317174995635, -0.9896273847195346, -0.19508308923586318, 0.1615234854075775, -0.3457162124824028, -0.5494990800351116, -1.2492619110300323, -2.1389901876273845, -0.08199747875174615, 0.3062160820036707, -0.5845260658109261, 0.14506407930410223, -0.3140902347828176, 0.8838080853761504, 0.8483823081997668, -0.13925180132478182, -0.07044266543070811, -0.9234965538663044, -0.0021528385329497965, -0.27511115288696275, -2.946785874197489, -2.5821847397815825, -0.3530692481727332, -0.6514496531440983, -0.6935338041468788, 1.200972029131416, -0.5048547593334406, 0.4605054673723241, -0.8488448853502647, -1.3921278000707702, 1.118742181259809, -0.27222752986144017, 1.5059870032473917, -0.06911861560067163, -0.8652256118838861, -1.2271702542000376, -0.11072270685811458, 0.3685091481907552, 0.30876788553727524, -0.15249805690499033, -1.5599686265124537, -0.4787407021920215, -0.5936636391097649, -0.3089387598218233, 0.6268005226752158, 0.8937710302759275, -0.7630767607567848, 0.2226977266085365, -1.4352713776425914, -0.47626145338117226, -0.6439744853873268, -1.3142763195241682, -0.1474006625947445, 0.5283718236362783, 1.4634756549468195, 1.6458573630707722, -0.656020643399265, 1.1784619024327583, 1.0076572356735403, 0.09038094578657448, 1.2981242402273485, 1.0298918608923773, -1.3411798277691593, -0.4924295542419935, -0.2667781284298048, 0.9028724617985961, -0.8627348426378553, 0.27853648482036286, 0.05426594928685303, -0.299941276000626, -0.5846828022297629, 0.6926482405127401, -0.7156107322069138, -1.867447635913045, -1.040654450361935, -1.7200678673773677, -1.7843052894759572, -0.6127231764683327, -3.2775174403472085, -1.9042746692755799, -2.804154808160624, 0.1993966972945509, 0.6995975689147864, 0.4904310678368941, 0.13934472746338938, 0.20922301713338953, 0.7812997323021498, -1.7087109005672472, 0.200588482757197, -0.6130768160322214, -1.2081628440069923, -0.19480840609836717, 0.6665981514442701, 0.6995975689147864, 0.9906803099680404, 0.8992269826033961, -0.9952562742220962, 0.8480319779898249, -0.13199353680181833, 0.4250939901939545, -0.0002233681896294786, -0.03347011737335126, 2.3823274671360175, -1.301707656565901, -1.5046818334133747, 1.157221786031401, -0.6828007403607523, 0.04015386355773745, 0.4343628207520316, -0.38118123250576125, 0.31739759971246323, 2.343237490747296, 2.307656342203639, 0.9180713675188151, -1.5435623297496117, 1.2536206637549345, 1.1451351902907934, 0.5742338663273291, -0.34865645269092765, 1.5917045950180273, 2.200399931965523, 1.1578163102027301, 1.9035475496620249, 0.2754503372711722, 1.1376124038792936, -0.7954689926927686]","['v116', 'v36', 'v96', 'v115', 'v24', 'v1', 'v2', 'v3', 'v4', 'v5', 'v6', 'v7', 'v8', 'v9', 'v10', 'v11', 'v12', 'v13', 'v14', 'v15']","[np.float64(0.17296864827821037), np.float64(0.024700845319042986), np.float64(0.02073898022969346), np.float64(0.007034342845238451), np.float64(0.006750931102228043), np.float64(0.0), np.float64(0.0), np.float64(0.0), np.float64(0.0), np.float64(0.0), np.float64(0.0), np.float64(0.0), np.float64(0.0), np.float64(0.0), np.float64(0.0), np.float64(0.0), np.float64(0.0), np.float64(0.0), np.float64(0.0), np.float64(0.0)]",4.63670128319947,4.734066036878484,4.795293828193555,1.3476687863571717,1.2120560629369965,1.3992648482469814,1.2037417301881743,6.167347872160254,6.1884427834842715,6.07624937766609,1.6826191303427818,1.6803778726520457,1.7512040999142933,1.5887646082205045,1.147456257261508,1.1239616349052062,1.1659868503086337,0.0802955243059312,0.04298106261296819,0.05918234846480836,0.0370990240212411,4.197430844364831,4.210063111540451,4.365302052028859,1.2299512206966807,1.0093707944743255,1.2600443058792214,1.0310996988595031,1.586231008818765,1.5760790217530096,1.6235295923843167,0.6283192984597388,0.6124479352243131,0.7753694792107708,0.8248808080622452,1.1144464189319288,1.2055219855062538,1.0965513073100674,0.24343886355831218,0.20973105494054514,0.2248743741802714,0.21621985466203475,False
f818_a,f520_b,"['90', '91', '92', '93', '94', '95', '96']","['459', '461', '463', '465', '467', '469', '471']",f818,f520,False,0,lasso_no_out_standard_k20_lda_nc2_sex_on,lasso,lda,,standard,20,2,8,7,7,True,0.9968276619911194,0.0031722497660666704,0.9990485906600952,0.0009514490957371891,0.5238365530967712,0.47616347670555115,-0.37473799930823526,3.1370670381296324,-3.706208213129556,-0.37267934313082857,0.07439224866423011,-0.05039248402341545,"[-1.5278961583358022, -0.5186429542428772, 0.030526367646738085, -0.4513055767637852, -0.5942783078988909, -0.9078645062640057, 1.3462951407009767]","[3.680357883400141, 2.7449711899392626, 2.726416063497743, 4.399560502722507, 3.380013837546413, 2.8476199704371643, 2.180529819364194]","[-4.5235614629710295, -4.540976954189659, -4.657646355525717, -1.8226735132038414, -3.5039264728644404, -1.4600851546582332, -5.43458757849397]","[-1.3560077670463104, -0.4143452419379849, -0.6142026800317889, -0.13752314128745083, -0.44645927122816764, 0.3045049544848991, 0.05527774513100337]","[-0.4592996281774567, 0.5429935491988125, -1.2242722430661241, -1.3673095509023003, -1.4802458212492093, -0.7172167765225025, 1.3342843284981636, 0.14022096127007072, -0.18785173171921452, 0.4324445539362912, -1.3328094515030722, 0.11192597369616639, 0.80147369808314, 0.23594358896648146, 1.2377360615186697, -1.3021012065904098, -0.954036008567948, 1.0394729378337713, 0.4100592371720498, 0.6109803036766978, -0.007329547725093986, 0.7366257402132181, 0.3342588549372128, -0.010593228139836663, 1.109319775781786, 0.005989778764982711, 0.14666186858294172, 0.025300727094496562, 0.45153482080391727, -0.23855923639622187, -0.07278403835104809, 0.14049793011523484, -1.4996279878800542, 0.7950141534782321, 0.33961237968031244, 0.09843641217144128, -0.5384058567576777, -1.0490732467284023, -1.0078425782369616, 0.9836270341588037, 0.44093539507239676, -0.4844871478641826, -0.1652577894123976, 0.5007874049572412, 0.3418058637943929, 0.328200308073917, -0.2950376969031797, -0.5373617025351733, -0.1849706032092174, 0.7671038694196607, -0.028440204473561444, -0.22225615806091523, 0.8829878961911746, -1.56708320929327, -0.18532846943526815, 0.30043792907030975, -0.27648462548639385, 0.09678968309661183, 0.7010048340518843, 1.7926166213309778, -0.3277997989392556, -0.6865567094982797, -1.2105535652795834, 0.5196173636564309, 0.6881024047312729, 0.9288742478841018, 1.9566751154520199, 1.854519383276232, 1.5303997209111393, 1.9002195929240857, 0.6673351606262342, -0.9484519674948431, 1.0731139914310652, 1.8961582449375867, 1.1824912551371523, -1.3508031411333523, -0.5174226755438094, -0.422214077905093, -2.579173708739269, 1.0214146234612798, 0.9111419634606811, 0.7563706210178042, -1.0461213683671928, -1.6632969990078037, -0.4420536977917952, 0.32899178250369576, -0.586435858168301, -1.6518315651334456, 0.4855569288879977, -0.7205746329690478, 0.06266134751265046, 0.5290305376374443, 0.10375469671463924, -0.22137765956912495, -0.9628073105959785, -0.9705803682485865, 0.2974217458772722, 0.6637760827931227, 1.2309180243694657, 1.4818249877062895, 1.9175444701222908, -0.3085363181306888, 1.8400053645355343, 1.5151521036393412, -1.1526070210639057, 1.758866459418466, 1.6773464161704512, -0.7269303994049662, 0.6184259718740382, 1.1486034820952253, 1.7477608751941958, 1.166622053811045, 0.43557281213383137, 0.7031728718831078, 1.4116346206706825, 0.518085340753385, 0.090745406991995, -0.04805225023621236, 0.7604977775844539, 1.631384324873837, 0.9396694934822285, 1.0736214888608466, 0.8890533677297019, -0.6439213644346672, 0.1460423983365011, 0.5331339488548604, 1.3815129531352837, 1.2880917552941977, 0.35361040417760214, 0.7653952683546212, -0.8757094644236302, 0.7478123459913689, 0.5910822025418766, 0.7541291528912843, -0.5912490682923226, 1.773829570008916, -0.9624307371072983, -0.8838899297167452, 0.26133119236713237, 0.2532752190929858, -0.3622708577184303, 0.2369441375875969, 1.3627094403338713, 0.8089779647900771, -0.9587066422167083, 1.192234984665521, 0.7423860923258699, 0.9003493714553144, -1.112324930241894, 0.4964954617415778, -1.56202012852914, -0.9405282142668543, 0.7461615579463806, -0.14823505767102677, -0.772621324148309, 0.8500314081224546, -0.1313974721656407, -1.1336135304385628, 0.7065628288660524, -1.4299271916950553, -2.2711960809896157, 0.1896989377074232, -0.5660922523047738, 0.6476041178934575, -1.2160019426595587, -1.7321405912686152, -0.45915910738516735, -1.5505015509215165, -1.3909929025881322, 0.5656645100254712, -0.8013095797084048, 1.2453861181486536, 0.04950061714832616, 0.005066106267174958, -1.8028121157648318, -0.4199527908566998, 0.6743162307047922, 1.0476454253366698, 0.5969390816190796, -0.054799898883572305, -0.1933104724588838, 0.8815382537963862, -0.4054267154696362, -0.34794685946689635, -0.8926377388472816, 0.5379507925757657, 0.09695587046570049, 1.0728247549259424, -0.857975818503522, 0.030685681463494166, 1.072027074447961, 1.3825870725244407, -1.0118962061656456, 0.41729779204767625, 0.09458151190600975, 0.3850578976453752, 2.005780915332482, -0.261798942143986, 1.906569113187853, 0.41624922358009886, 0.9839811731496287, 0.037359576001399934, 1.2742349520911422, -0.27645991153314076, 1.089508108253401, 0.6087870567829158, -0.5096612883315728, -0.2868499391072608, -0.3134013262317614, 1.4144640369587418, 0.25686577978534264, 0.2023252199483547, 0.5072137488347928, 0.77664325453716, -0.00685070178829252, -0.792043229851788, 0.5717695239368645, 1.1801898443470458, 1.9877682892342412, 0.3673936404596744, -1.2256388125763495, 0.009906994966107103, -0.5082317743597385, -0.1747492447420043, 0.711194705598859, -0.1406790049666543, 0.19428373900773493, 0.3750658991901757, -1.1354939380155786, -0.41740022803553933, -0.45499086938172767, -0.27785216288099596, -0.8505330527110966, -1.0541491572146338, -0.5498169034624747, -1.4955073749580599, -0.9642387217552334, 2.1215363466609447, -1.7903586503029552, -0.6092319406262386, -0.20883231810726136, -0.7157501444912976, -0.6306519596815738, -2.1280308228866214, -0.19581557711182115, -0.06394522197525132, 0.7107524515116241, -1.5368802235764356, -0.24628631962697525, -1.8851904898194365, 0.8399593495971794, 0.48352756170729594, -1.6419958234648597, -1.4399945720594693, -1.563953645978235, -1.5906849577949589, -0.5507388809612674, 0.13630133215154222, 0.3188027323823941, 0.6724932100243574, -0.6397184167248637, 0.230907143816575, -0.5777997999422051, -1.0473403840037885, -1.1479548654688403, 0.4815394538687832, -0.68128621816703, 0.7201829094726416, 0.4401710885211852, 0.6704613851709041, -1.8457434816818494, -1.5704519816017348, 0.7259831439636251, 1.1666126954859262, 0.9127163922669134, -1.1804433909130903, -0.23873878456906023, -1.1130857706679318, -0.9255025552252979, -0.1756951414693536, 0.9409968909040255, -1.3643668311953892, 1.000393326149206, 0.6602868353669061, -0.4578621097738709, 0.43610296435940205, 0.702885993777153, 0.3316798772442313, 1.2822481453589845, 0.5949823986351173, -0.2635421949020397, 0.3969522315337099, -0.8249999035429697, 1.5566742675384138, 0.7463943900447019, 1.0554955955808125, -0.9141984150877406, 0.37219877010849517, -2.0082499372808393, 0.11627610807946485, 0.1427364446707688, 1.0226117499057656, 0.8706678770185288, 2.1151280949120546, 1.5741006112934326, -2.025074584974568, 1.8448522123700022, 0.18301279658517225, 1.215845529015185, -0.3873889734028284, 0.5802846675004184, 1.1000038325515273, -0.6155850817886823, -1.5596580776115792, -0.4858341398353728, -0.47267087622778564, 1.12038339298357, 0.8637700097021943, 0.33775862386817895, 1.060702106520985, -0.7708765770553925, -0.445546287436126, -0.008857321351750182, -1.3065043424277338, 0.8353923147322836, 0.772330478066965, -0.9725728585267459, -0.14594265486589605, -0.3450167328903004, -1.9355359219852992, -0.21520491168679132, 2.0737839423880464, 0.5561659467643109, 0.5264283325093679, -1.0638545934522627, 2.576220922912814, 3.2431394451742888, 1.0336559233150941, -0.1796235476036863, 1.2466544883274953, 0.8645420907950842, 0.27296388595860743, 1.0547428710163183, 0.8410878547977314, 0.8741294704901382, -0.7546988933577033, -1.5212443719242708, 0.7939538657428494, 0.21341954811498584, 0.05737719250039829, 1.3003278319441074, 0.8645420907950842, -2.394510798933846, -1.0458992502997542, -1.4880633646585657, -0.10637038755539914, -0.4976143628163696, -1.51844743702849, -1.0807395954620402, -1.3708468827826688, -0.17781895072141599, -0.2696478970916615, 0.15098265658681428, -0.4239896393707722, -0.9511235937210138, -1.7907457864593554, -2.5546626204134055, 0.6378668309348252, 0.4784782375334751, 0.18762224834816177, -0.1447285259052225, 0.24322487233338239, 0.4923959657194712, -0.41837557185481145, 0.21995803803054395, 1.1760917213182533, 1.3343948885390462, 0.7591788398062167, 0.6884151511825285, 0.8591851246054062, -0.2300379774462542, 0.15639971349741513, -0.0581981729401196, 1.058421716274662]","[1.1762521734599738, -2.0180780808731016, -0.5251850789098776, 1.3212377154338717, -0.49826271276714146, 1.4298260540929455, 0.4912652545400231, 1.1320626910808014, 0.8750072145204887, 0.4740921267821779, 0.10596527531650758, 1.4311048666592723, 0.8969230273963609, -0.8204862078042577, 1.093849975306391, 0.3827346781968467, 0.8606611178876908, -0.1849823864590604, 1.4662029265281151, 0.7370292144759856, -0.03802798563360665, 1.2494195178953695, 0.9731785687876381, 0.766113703168506, 0.7716821473825907, -0.04437763874549801, 0.27031032947813793, -0.4598080569973056, -0.4211991035744506, 0.7419741401724422, 0.10456618218775279, -1.5887114575652876, 0.6042273329705192, -1.3773512783752473, -1.1671025971939315, 0.2110530794195325, -0.3694592949875612, 0.08484885675809196, 0.3130994664451013, -1.9109791285179956, 0.12569723161663268, -0.6480037532361942, 0.8109380421253048, -0.10091850570920864, -0.8982080957851787, -0.9806012771116139, 0.5302319214229305, -0.3427834071627523, -0.9056981620651239, -0.8199483730457566, -1.3149719300750935, -0.2777259199185506, -0.3866151721627401, 0.4005110936477538, 0.5784479063034111, -1.017468688126568, 0.07923559419241767, 0.7042522628643642, 0.45890015043965515, 1.228414831765364, -0.7546765783588589, -0.5179232652961441, -2.0765077994769094, -0.5226491925052742, 1.0636240048253292, 0.7740795553774271, 1.0065076710384129, -0.13692402377844748, -0.6574518501280069, 0.18107430420831827, -1.180236235666458, -0.567409932752563, 0.35384075330579173, -0.5702592596912847, -0.2542006656180029, -1.48081813746048, 0.7118045109337228, -0.47053420206607716, 0.877147753373957, 1.1654721175260596, 2.033968575276487, 1.6721931208135614, 1.4816636762809225, 1.509317745129782, 0.8644816736784171, -0.5723130657508033, 1.611137115220566, 0.7765822904803511, 0.9751904978359867, 1.820486579233656, 1.8347370844389166, 2.054237588361035, 2.4358550804258643, 1.2384187528803197, 0.790035920313755, 1.2964500768245288, -1.8810660293095791, 0.5371735945571959, -0.8784534991717424, 0.9933285212490596, -1.2478899578393396, -1.23511453191188, 0.6146159920118265, -0.9009897642585568, -0.1394736901923589, -1.2769353376307833, 0.3138279349217112, -1.0827571854014801, -1.4415962868437961, -1.867614123564617, 0.44483521996689024, -1.2989179438039022, -1.6097484033398324, -1.2448714737871192, -0.0193928572745665, -0.40866794725546823, -0.754186584014084, -0.42096917764078146, -0.833282731121068, 0.5714918093084788, -0.5273848256127197, -1.6425415042831966, -1.1205701604623772, -1.3088016650242682, -0.9367734360789931, -0.2720413413043744, -0.8969663264409691, -0.10874108962878583, 0.3648106124260751, 0.11221503104513178, -0.7114805406667307, -0.7333558526851567, 0.2503860791409773, -0.3774979216493597, -1.714819068838869, -1.5714312957604073, 0.07614107747709846, -0.9098466293050198, -0.6163078853132741, -0.021884753979407916, -0.08202230651801369, -0.2474727897731832, 0.6669216447633642, 1.091293702169703, -1.20983479446374, -0.21808717247486523, 1.422767407572685, 0.9563853011495109, 1.119937599752721, -0.4060955749060809, 1.5256362138403525, 0.39622378924441726, 0.1659429148728309, 1.1027446638049587, 0.08767629613858781, -0.2565866882317688, -0.8001408113686433, 0.8037823286791641, -0.6657294084928407, 0.7229820104746104, -0.9882996619255389, -2.2014964002376622, 0.63657407272861, 0.44193822129770516, 0.7635045598163165, -0.49664385164411107, -0.13647331644354121, -0.26651451530563713, -0.9675526956691661, 0.13383325949560784, 2.624435629261795, -0.595320332807858, 0.6463828234055478, -0.6698873587493271, 0.8569719280895847, 1.4720682285523061, 2.139821676450235, -0.040154363226904445, 0.14729671662432745, 1.6487841771774219, 1.036164499270104, 1.094695995425446, -0.11537329759219632, -0.8940411786484386, 1.1904693698504594, 1.4444911391086503, -0.47801304990365334, 0.06299510388759344, 1.1625093970370564, 0.4766548336083528, -0.26969428328804435, -0.5257843050232329, -0.21803592202333125, 0.21493618537121795, 0.16503912542303717, 1.9127617811821993, -0.11484435435780457, -0.48934346885117536, -0.34631381575089604, 0.26508267610989844, 0.5194941858813706, -0.7145167472917142, 0.2601999447345572, 0.5516857025456472, -0.0014360583921815074, 0.5736005364607843, 0.4592692428675136, 2.1994891816128765, 0.7974085769154287, 0.11818864104181652, -0.7811960334452522, 0.6769667838742268, -0.691969037262008, 0.5020281825853514, -1.5423943026872, 1.1617775126395575, 0.22104756824175512, -1.0998951064031957, 0.44107093152975047, -0.6915903067094524, 0.9460806423867149, -1.4133913237851887, -0.957383445661193, -0.6225022076035085, -0.46739472401570403, -1.348390651123359, -0.8201838588631675, -0.16693156448466318, -0.5530425313235139, -0.45468392331974794, 0.10968080740707903, -1.9674814390206967, -1.535275527878476, -0.7027058063086193, -0.005633352199063682, -0.34229883341626416, -0.3549432674875514, -0.7388940911345504, -0.8174932884802458, -1.598786306826466, -0.5069520475981013, -0.7703110209701445, -0.44383184421427013, -1.5054934888203615, -0.701855053024036, -1.4698910802251424, -1.0868757363502695, 0.47385594922109414, -0.9254712447668472, -1.6618402161028696, -0.1901000738850663, -0.5842876717531567, -0.6299292306640322, -1.871592231843601, -0.8958444892868578, 1.2771901940809007, -1.1372210599629804, -1.4197145865779062, -1.4831784531323908, -1.036651817958191, 0.6960218270333599, 0.1314825694832635, -0.11111165531733488, -1.3655222432811318, -2.4936991434653586, -1.1678076868521097, 0.14859365004401043, 0.4305826982126347, -1.426457030473056, -0.7400861314501358, -1.202842337718844, -0.0007312866113940528, 0.8745182504348936, -0.552733183848426, 0.5502139698835243, -1.5741798602463923, 0.5746455698682804, -0.4530295975485677, -1.7101597421014505, -1.5766283672447823, 0.3810191600168055, 0.17040417200776733, -0.45942218825424025, 2.1849274747319867, 1.4092862534610024, 0.8667716823306453, -0.25385225228100844, -1.963504931243621, 0.20576023261716544, -0.14060292489467968, 0.8430366743813769, -0.28713398191247425, -0.6554507748649435, -0.22082911418973203, -0.20726252771846418, 0.4521999038478124, 0.7950973761482718, 0.125665533432463, -1.7516505547328363, -0.5234831168327002, 0.5871323832937109, -1.403031498216415, 0.7141857818106713, -0.3329739407182628, 0.32940961606139396, -0.5462719682497132, -0.07739477694860479, 0.4129644956634297, -0.7777715571490043, -1.4115485814918878, -0.3821992438363152, 1.0721553591647026, 1.5578940698384756, 0.49804341387321766, -0.15463078571021158, 0.3240462907401829, 0.7675387196345975, -0.3908209945395893, 0.21045170178691186, 0.04738528436219113, -2.1679493449359515, -0.7765119403759518, -0.7145754462869005, -0.1548420659045357, -0.7030622408326372, -0.4878496049751745, 0.45252824383168877, -1.1202220541804115, -0.41174146950353785, 0.5219389814364759, -1.685031806774555, -0.5801703515949909, -3.2875950532769678, 0.21656054059311275, -1.8505136436985599, -1.4682995250796813, -1.8173800720775328, -0.970785765403257, -1.9080589416038027, -0.10992521982982348, 0.7300253246749769, 0.11008205621016254, 0.42538669673259755, -0.10288590300674248, 1.2486997592202125, -0.49811674708494674, -0.7748294022670552, -0.3309139782022398, -0.5230334140178978, 0.05758566831451658, 0.6775781065569292, 0.7300253246749769, 0.400345293254485, -0.2771574537485521, -0.19227835811972283, 1.8083938960143104, -0.4693161454934692, -0.5195640152467668, 0.4721441838326755, 0.09909337009674948, 1.450365210253219, -0.8680783269804399, -0.31143288967736, 1.3002315973478786, -0.8254558077525845, 1.086096272987335, 0.21238723874837634, -0.3100679816395371, 0.033453509747728455, 0.48708161189295146, 2.6783845528897143, 0.7207920317940701, -0.8526376956877785, 1.3673590692285327, 0.9847874872560356, 0.6186252664727399, 0.5314375167577952, 2.1930825620222922, 2.082771101374478, 2.481447397924378, 2.1308951228888797, 0.8952897186142845, 1.6287099288080409, -0.4353736999930758]","['v62', 'v57', 'v58', 'v53', 'v83', 'v36', 'v54', 'v24', 'v84', 'v2', 'v88', 'v96', 'v37', 'v94', 'v32', 'v91', 'v31', 'v93', 'v29', 'v95']","[np.float64(0.13168036752113313), np.float64(0.10820026355584976), np.float64(0.09660868874916735), np.float64(0.08840058246355578), np.float64(0.06621900788660623), np.float64(0.03875894565537305), np.float64(0.03748467668643223), np.float64(0.0337192853280275), np.float64(0.03307231506753055), np.float64(0.028491436601373068), np.float64(0.027607557353116745), np.float64(0.026353636031913815), np.float64(0.02628950442031256), np.float64(0.02270083839786533), np.float64(0.01790241585343829), np.float64(0.01027619896708302), np.float64(0.004790170481852124), np.float64(0.0019602325574888555), np.float64(0.0013363274356794194), np.float64(0.0012388341228195677)]",4.83911287803349,5.031454300563762,5.318683754077398,1.4630470856382218,1.3760596993864438,1.990938187303291,1.7094013708752753,6.841216595081781,6.8439843911502525,7.424310760621845,1.8897473060527448,1.7957932008943833,2.405708436412963,2.322311627700254,0.9813281133737577,0.9814473079851643,0.9400284275527031,0.09232221358342041,0.02129789916673619,0.022895467572614896,0.012793184545516034,3.509746381260461,4.179559296162067,4.100978956985573,1.3083962384314956,1.076590581572017,1.8788505368543216,1.681252959660599,1.816347494036496,1.690839878702543,1.7685496523274313,0.7929105787408999,1.0033913019828498,0.982231731895783,1.0895799552372714,0.9993985227878598,1.0606810885074163,0.9589559845036512,0.26788872699965377,0.21220418841367017,0.33023269966281427,0.2607157009352359,False
f818_a,m681,"['90', '91', '92', '93', '94', '95', '96']","['490', '491', '492', '493', '494', '495', '496', '497']",f818,m681,False,0,lasso_no_out_standard_k20_lda_nc2_sex_on,lasso,lda,,standard,20,2,9,7,8,True,0.9968276619911194,0.0031722497660666704,0.013744175434112549,0.9862558245658875,0.5238365530967712,0.47616347670555115,-1.7580057422396038,-2.186688487457293,3.2842850553520035,-0.9919969179687742,-0.03637562564359039,0.060528111343623014,"[-3.261186198752704, -0.6861411485053481, -1.9451909453761347, -1.3890684752462938, -1.5739504494244467, -1.3131620112896343, -2.137340967082664]","[-1.9108491391791058, -2.269333760170167, -2.8918734369717263, -2.4492216216525304, -2.2425191034888927, -1.6431563980948538, -1.8998659526437716]","[4.1031447318374985, 4.510453103883226, 2.5600696584031826, 2.867159169066148, 3.083011180226663, 1.7898780865684003, 4.991490135773201, 2.3690743770577054]","[-1.5412779146011866, -1.9513375529314236, -1.0162639343112585, 0.33175478010364595, -0.3054551975611935, -0.91319066207776, -1.220607514038549, -1.319597348332468]","[-0.4277829049122652, -0.4333725812827878, 0.2707578185609926, -1.927630121472458, -0.5173593118287146, -2.2716250321050673, -0.5544394089041064, -1.5757248905004484, -1.0294105756438217, -0.2874879584105676, -0.6436796918758, -0.30715268435460114, -0.24460534123093158, -1.9793430188830885, -0.8104746335216559, 0.0922889256380397, 0.07976780596111252, 0.39180340976116024, -0.9190960549531826, -1.7712676992240033, -1.3520701321030464, -0.27946064244170893, -0.7410500155065346, 0.6440049109622326, 2.4278062730854844, 0.47818333499330684, 0.38929123143385824, 0.003515804711572984, 0.914127434371473, -0.2251918399750173, 0.3659078150769505, 0.12715495689234405, -1.9645230726182252, 0.07899838992993928, -0.5516287526318994, -0.05324263216890904, -0.5799342267336475, -0.5930121432822294, -0.9120582723689933, 0.39741634061262654, 0.8985797720873623, -1.1331309158915306, -1.1794748527953278, 0.7223272201431588, 0.027544305409940132, 0.09872942720465075, -1.4876611283711196, -1.1165835068919192, 0.04077876366886729, 0.3550090400948646, 0.29508318399575945, 0.46723501847149157, 1.020586544263802, 0.19472085030091496, -0.5517083180271445, 0.35920322761983414, -1.0384522207864935, 0.6224376603435334, -0.14490068095496347, 0.47263106537120225, 0.191959761661937, 0.7011642185958348, -0.17479711745353405, 0.47395761495215677, -0.10435668775812566, 1.4799409899947527, 1.5015310783011953, 2.0644349289363166, 0.6348302390889213, 1.0010966403572665, 0.04095679700451451, 1.275632190760512, 0.7273658125674473, 0.7595325943310197, 1.5796895123351646, -1.539221737977932, -1.2998317531693604, -1.0754960818470105, -2.045047699092747, -2.1108030579971677, -0.5895650911206576, -0.9450568928481023, -0.45671520272936905, -1.741512672720457, -1.1940969280285858, 1.3481527041080308, -1.4641075717169085, 0.23234602919644548, -1.026112305361937, -0.7611277263930021, -2.318910929005235, -1.3999162530892353, -1.063653012016072, -2.0327596122905724, -0.5192930553359811, -0.41427385626915003, -1.0686991558163306, -0.5110722240131995, 0.08327464935646645, -0.5139325748165171, -0.3511610737328423, 0.6035301718282989, 1.2173808280995544, 0.061670179677370346, 0.13195951329636868, 2.514325685451993, 0.7358018933999866, -1.6431154879820087, 1.5163157209013975, 0.2031963021327434, 0.817211048432578, 0.8508308984103615, -0.6940581657804801, 1.1663656532183062, -0.8469497813550051, 0.1547178368946846, -0.6915042203758898, 0.5081938914946217, -0.8480103146307497, 1.8196333752441505, 0.8523690687676386, 0.40628410130284043, 0.5932123619988707, 0.2492345894433758, -0.788627983201496, 1.6736291865458512, 1.0893941279812729, -0.9965055350808306, 0.34370129860088683, -0.4705923123879766, -0.891475566926928, 1.4144303906262499, 0.15253300103664655, 0.7348349209095516, 0.34078318534439656, 1.9996923716081372, 0.1844871041690009, -0.3937466733932671, -0.5741177341387642, -1.11854546066516, -1.3319076372576006, -1.8141990320471233, -0.45281450579097804, -0.11844294809259617, -2.0542223410353877, -0.340060512896131, -1.2053057156797071, -0.5884999709074775, 0.19060864408294942, 0.21277557716027182, -0.6075570211052791, -0.27561075785109046, 0.30662708450866427, -0.26017532326376935, -0.5349456682660921, -0.27359025984304924, 0.7145183723503293, -0.9843298402030846, -0.8650970241982178, -0.0832480896981715, 1.8684492530452412, -0.24988479955514742, -1.1512571892826935, 0.037682819873578674, -0.3632953052390949, -0.14119791038427523, -0.6407268024679663, -0.7155214422400638, -1.1120128472280704, -0.5955766431357038, -1.7718837730905306, 1.9253271255632147, 0.45379924284119094, 0.4123562616971599, -0.3939726238987396, 0.1573389880337374, -0.48868409093793796, -0.4319200792577444, 0.8926840222508442, 0.5332529501058538, 0.29663389743681834, -0.4219587587386686, -0.04601099164326128, 0.7739668039515962, -1.548234327402824, -0.9350315002383794, 0.6613269159853851, 0.10638164894620326, -0.38338611206557377, -0.6928563388411255, 0.5807859384047442, 0.9760855281508193, -0.7416621241506527, 1.214227115255599, -0.10778985694458976, -1.1772737724865474, 0.44738690659102487, -0.2339325772397574, -0.2573342030536409, -0.6249269791742142, 0.3312363010701735, 1.5168135363892095, -0.45585585542952783, -1.74509031902971, -0.40044812713733374, 0.8043669627856908, -0.9530022747059583, -1.0322334209964183, -0.950677072345476, 0.5230287861741426, 0.5788481828573836, -1.0324784805875797, 0.9644766899800193, -1.1775766525066127, 0.8559210863135349, -0.13979128407400954, 1.968497758452421, 0.4790867538997735, -0.3381349196639206, -1.4431922133601263, -0.9942750113122403, -0.324672415923479, 0.8578438236411337, 1.5889020562897935, 0.7244182277973298, 0.9197879167895414, 0.5680307639133432, -1.7884854681147724, 0.46342295319986254, 0.5995467059415754, -0.7539442617635729, 1.1363182277096893, 0.7171667304122608, -0.20425578434428737, -0.2220376720358821, 0.5252973377755553, 0.514221204784057, 1.988069306162637, 1.388890050387251, 1.376156773186328, 1.1946846696865607, 0.22537315212803857, 0.5148717001756006, 0.7019501862338121, -0.36830759746020425, 0.6883228946751956, 2.167901726591424, -0.419035934318556, 0.4197323469204626, 0.04169582547644972, 0.4869952873018911, 0.13280759805510017, -0.009861147508097188, 0.10139108099537135, 0.06790528612029358, -2.548606611692212, 0.6282383263383454, 3.179481663629248, 1.9598454012930338, 3.2260778143074145, 0.9264842598012376, 0.8835191996328402, 1.243699844859572, 0.870423175531157, -0.8388603161941288, 3.333274064440802, 0.3196380810541539, -0.8751704526960252, -0.15124898199325743, -0.04666539661214375, -0.9340761199507132, -0.4698683496420447, 0.06730567268987228, -0.007626229605064786, 0.006381931948035995, 0.3798700886331408, -1.6931894952376267, -0.10181203608610483, 0.22562902688271888, -0.2742911732265068, 0.6503998058363027, -0.5639360406358085, 1.6408347451575642, -0.3048661988136354, 0.2770141245360856, -2.1220778410005203, 1.2026719195629518, 0.010850603577731875, -0.7217009885046972, 0.0195133314750933, -1.75267789391936, -0.8748028110428845, 0.5354493980377477, 1.4927386268893366, 0.8043253137272269, 0.4033117727746618, 0.9232810478935085, 0.7830043841633877, -0.9993931979325472, 0.424651519333741, -0.7873649367568079, 0.6537929071724989, 0.12911038856420207, -0.30459663906646534, 1.803511514026327, -0.07240891334474574, 1.593842438820816, -0.13332903319011843, 0.695685633302469, 0.7015961312433536, 0.20550202825145356, 0.4124016999855584, -1.420895542680848, -0.21093337201226464, 0.18456529517457024, -0.42294048732138084, -0.3123107130415247, 0.12862888149580706, -0.5991790626825015, 0.020125163668066482, -0.49172731328097613, 0.18971690000084054, -0.0021314517386482996, -1.673882203677061, 1.874296342107899, -0.9204996523086733, 0.35618558481343393, 0.2715536202415275, 1.0155164980822708, -1.5099554131258537, 0.11117637089156779, 1.4731227750046996, 1.224720278040538, 0.16669660702219274, -0.0891797046104646, 1.142503337606186, 1.3166533606843018, 1.9812250425502669, 1.7311030417530253, 0.6908974986694157, -1.2882956019370642, -0.365902128220379, 0.7354847936759006, 0.10620813494018273, -0.5436006045268449, 0.2846916822032591, -0.9975399106836742, 0.9657757430320489, 1.1111713320224716, 0.6530087613211814, 0.2533180548585898, -1.2882956019370642, -1.2590743882741338, -1.2349837430692567, -0.3655262941737712, -0.2632213784303878, 0.20127353113459112, -2.1797914830464453, -0.7547394035493844, -0.3064145462806248, -1.7181072015400576, -0.709808517613488, 1.4032780901634077, 0.29924494361437265, -0.9843163075148749, -0.8851470401512794, -0.33388559039983406, 0.38576087113521473, 0.3364572864476145, -1.259015348383043, -2.0618516330674423, -0.7599755184523194, 1.487127209346642, -0.32667685001513275, -1.2102015035889178, -0.2649171229033105, 0.27582882053223184, -1.1733131346555885, -1.0665475100172566, -0.3946576691997034, -1.20915196721931, -0.40163984022984084, -0.36725298518600413, -0.26353019207477224]","[-0.33923235183251366, 1.4902538377749015, 1.4769083833404972, -1.4469320127195626, 1.2564020640566438, -0.5493284164332877, -1.7344157171747439, -1.2226324639046051, 0.10273138455511835, 0.03231953511708707, 1.0393016758131042, -1.802802104475057, -1.4649909167595245, 1.0528305226846777, -0.7744312224371909, 0.4080331469957409, -0.3676816020280442, 0.286661221429756, -1.6221722586580696, -1.4521033857341894, 1.1631373188690552, -1.5462054769429479, 0.7568106496689454, -0.03675060778235576, -0.4029281702407689, -0.05239486850207568, -0.5898164053719323, -1.3616672149518245, 0.6410676352757925, 0.19591084071377785, -0.5165199146130639, 1.9751062876820231, -0.2261920135205953, 0.2923541806628992, 0.11537172972107862, -0.19692869153157308, 0.7434181489029601, -0.09149640723469493, -0.3605680574264162, 0.8586041972728913, -0.04668296070740568, 1.0934220719275356, 0.5301353494847808, 0.16234818559962386, 0.5161767271462601, 0.44437603233905104, -0.40575182894979167, 0.45318748168692374, 0.49051976588199947, 0.45304689665810427, 0.27951343693742536, 0.2620228743321146, 0.035542518788897186, -2.0526789484808368, -0.9108564755856482, -0.2579374841246642, 0.9612891013178232, -0.47594124515796177, 0.5504221767701044, -0.43303539915961275, 0.3186835981916267, 0.7714320392116157, 1.1586882908054588, 1.4239610395085207, -0.7896531383029939, -0.9283306293721382, -0.578401661937827, -0.6547005804405712, 1.562395840206979, -0.20384945538146979, 1.2659968123900371, 0.8590060797494943, -0.25601792853071004, 1.1245459520422505, -0.44378513252210133, 1.2142585017413594, 0.18017852224953337, 1.2532749096098266, -0.9332716964782233, -1.0017511275690982, -1.2208430058267394, -1.6454960453713932, -0.5540417587391198, -0.4471882056243286, -0.06629304018893208, 0.5647900106841381, -1.2648066477701667, -1.326217272104805, -0.9707318318565241, -2.462969527868321, -0.9496602443207515, -0.8749555663414801, -0.9158636445548403, -0.5611208121537324, -0.4157902091780267, -1.7489252716590178, 1.9665918255552692, 1.0881946556893896, 0.9900749231275016, -0.4561661645193408, 1.0365472682026213, 1.5853714972150303, -1.7741869002073265, 0.44827106262625305, 0.17992126337970318, -1.356836767533622, 0.24610010568189108, 1.4998760612533109, 1.8182094939367375, 0.7355869998080679, -0.32996654088507754, 0.8350461166598467, 2.179294937692922, 1.212237587599681, 0.23601983032967777, 0.8346564838698982, 1.4807895297943146, 0.48629890535158365, -0.2774978654327634, -0.5759585711580044, 0.4510142681048377, 1.7263824088633635, 1.9149779188649552, 0.7586837174338406, 0.8650713160289377, -0.4046677420077309, 0.9243987252910153, 1.8461973662950417, -0.39296356543521577, 0.16848590315733447, 2.026455553204624, -0.24323217138975967, -0.21988110681067094, -0.011774356365679129, 2.0890559294945628, 0.460140729960093, -0.22270146395895926, 0.556446839612899, 0.6282863963574551, 0.6015775979544132, 1.4633626759210614, 0.7253026649319426, 0.28931631865682605, -0.3770370432092547, 0.6125516891350276, 0.5336283896636416, -1.0142446194882202, -0.6878413244761656, 0.8878453854434664, -0.5862725067029845, -0.4423285700597904, -0.4824312897543123, -0.06688560590735307, -1.1226635876103173, 0.70095910420727, 1.1359005523447632, -0.298197737605315, 0.9276812259241557, 1.949800901638944, 0.36903524839458146, -0.4691395452832277, 2.1810369870842896, 0.7822260031596228, 0.5706006260506997, -0.68692248416726, 0.6734441505574439, 0.8846649650429426, 0.30554544157284236, 0.8862637051601107, 0.29266953997978806, -1.3126285259547834, 0.289183863329265, -1.024941540739477, -0.635975648343972, -0.39267209063844666, -0.5837229554972249, -0.848590050821929, -0.7312863581186524, -0.6546306345778421, -1.3938210991916562, -1.6369503990598533, -0.311604602277704, 0.05851400922190818, 0.8878977089176591, 0.09229972923257752, 0.2827247006980254, -0.7152773382358257, -0.13032427413357103, -1.0515614843572945, -0.6759105056325422, -0.18822655292455545, -1.9953295870851349, -0.5079322896719412, -1.5487607377265658, 0.4302066484248831, -2.4103322536535665, -0.7273431796692963, -0.5212324830003279, -1.0659501257206703, -1.0460049322211697, -0.8594286384401972, 0.0910600762303861, -1.097606587644087, -0.9504084055628467, -0.8624154636723333, -1.998063052559293, -0.359683047961026, -1.3703628112491273, -0.5933086234095032, 0.42234302500739707, -0.10765603236175182, 0.46514806900041394, -0.045937939987623605, 0.7241742445477789, -0.730298038155563, -1.2442120984751883, -1.2359614031039243, -0.49725152205126083, -0.2695980852730047, 0.07267530624652564, 0.08359660123014029, 0.5777532822184284, 0.5050058141902178, 0.5256263919681022, 0.7752565525649795, 0.02074963028144342, 0.1963340681249716, 0.5171269138142977, 0.014619833878190122, -1.3702555453619882, -0.05045690077242785, 0.8185265400957507, -0.3611684369274234, 0.32192700331419816, 0.014758387101668772, -0.21184861941659233, -1.8145106352923717, -0.8467646701089113, 0.8493585214167625, 0.8088228945772539, -0.42920715642755786, 0.4103176011399955, -0.6779754265232276, -0.15595693637259964, 0.1826311708261362, 0.17873398119655987, -0.9549749845767971, 0.1920022330040389, 0.23159527032516, 0.5132887209788977, 0.9266440030926442, 0.07576401510854959, 0.3438249787803321, 0.40001679014630265, -0.0042396205454739025, 0.6349704252434724, 1.010182692003682, -0.6411768913085868, 0.17382846766231844, -0.6771484131272701, -0.7725661228262088, -0.778145410537792, -0.5169508097656278, -0.7038073244258762, 1.903443701872616, -0.13721880613062126, -0.2182926692359517, 0.07463334958491868, 1.4798805940814403, 0.31294952631812384, 1.3566527621238518, 0.020371636471465424, -0.894098698784074, 1.8056224543894042, 0.14031393285390334, 1.6755359939528838, 1.9032081185767296, -0.03517259868621107, 2.7642057628617254, 2.8657840046759167, -0.1101334610518609, 0.45239214271674205, -0.16219661323900297, -1.5996798769791951, 0.16868198184060884, 0.06481258793095203, -0.2585816579517646, 2.7777740451410478, -0.903912811149924, 0.41622289179157534, -0.6140065853294007, 0.39374318754568666, 0.9679471041123532, -0.100965999043529, 0.08287681131961286, 0.5330471510082792, -0.7098395872696406, -0.9986376852495839, 1.9149303862903004, -0.3130663810967641, 0.8908885996664742, 0.5779280317578565, -0.7982987855007893, -1.646815887554763, -0.9035928646217412, -0.24310619205075423, 0.10181744309061133, -0.4811431599520567, 0.23080411205885273, 1.7443154508519576, -0.06602986675780853, -0.5557528890499898, -0.8096209067907092, -0.7842143371515369, 0.7824735003488785, 0.14292755566256365, -0.6586697858462028, 0.1500464385844178, -0.5148150729423445, -1.0244988979842293, 2.4021019103248205, 0.21325226304232636, 1.0007851263346463, 1.032693813796271, -0.09260639173908614, -0.007426469885879141, -0.06261813240774888, 0.38855688518075143, 0.15370900024902195, 0.6763382731546257, 1.0233934726842917, 1.5660108153447811, 2.5176077326089175, 1.9072232986946551, 1.743591265348416, -0.921702611146452, 2.780176549746824, 1.5304890946475742, 2.8627681326461394, -0.7342032788306243, -0.04929890093397317, -0.9518164947035261, -1.0433919296223628, -0.39975001907352714, -1.5966511339735312, 2.4076356009890967, 0.9453860824672782, -0.45788970528985445, 0.049765306812546845, 0.2428834507380371, -0.4201587276741983, -0.04929890093397317, 0.5329475529607419, 0.7940376284345024, 1.2585751059496135, -1.0168442001047577, 1.341281166785875, 2.1034579541312772, 0.16173937450961323, 0.08711246165291041, -1.0713889671886305, 1.5820620294942278, 0.7460330799275742, -1.3730841768719342, 1.2658893663928603, 1.047464719877709, 0.05152298633717996, 0.625373164722408, -0.7933560192215723, -1.285739567320665, -1.2288762575299457, -1.1104472951136797, 1.2292633662700982, -1.3060797299015021, -0.59526979746327, -1.056919347492066, -0.39686748184624726, -1.204768849222095, -2.1480414730661868, -1.0393012060622162, -0.585587524580587, -0.3801179847918394, -1.9330617543730735, 1.902227825751181]","['v2', 'v1', 'v3', 'v4', 'v5', 'v6', 'v7', 'v8', 'v9', 'v10', 'v11', 'v12', 'v13', 'v14', 'v15', 'v16', 'v17', 'v18', 'v19', 'v20']","[np.float64(0.12512256673932362), np.float64(0.11109024404782998), np.float64(0.00015283661691388914), np.float64(0.0), np.float64(0.0), np.float64(0.0), np.float64(0.0), np.float64(0.0), np.float64(0.0), np.float64(0.0), np.float64(0.0), np.float64(0.0), np.float64(0.0), np.float64(0.0), np.float64(0.0), np.float64(0.0), np.float64(0.0), np.float64(0.0), np.float64(0.0), np.float64(0.0)]",5.181890044538184,5.257839814186675,5.177481217564491,1.1648243085461683,0.9282797924715759,1.7202658834038158,1.685585219439809,6.236982367080126,6.25127312311143,6.376960737007396,1.441234534104492,1.1841575060344842,2.1981278130343407,2.202696594547693,1.3744645237762083,1.335425044430948,1.3196948658021679,0.05553987942656049,0.031590605933946136,0.04352443141139449,0.01847982592443953,5.042290797591607,5.0422907975916065,4.9084251252955475,1.078306859081172,0.8878093009190986,1.5467965775778076,1.594478714402273,1.3758445448703922,1.4081851271432215,1.3051392111469902,0.3799379127577845,0.37684944144767446,0.6760217086872178,0.6394496439461291,1.3256172448021162,1.4357313700277512,1.2632483736461615,0.1813181890938144,0.1545556009989256,0.262476714451437,0.27200467718521837,False
f818_a,m305,"['90', '91', '92', '93', '94', '95', '96']","['514', '515', '516', '517', '518', '519', '520', '521', '522']",f818,m305,False,0,lasso_no_out_standard_k20_lda_nc2_sex_on,lasso,lda,,standard,20,2,10,7,9,True,0.9968276619911194,0.0031722497660666704,0.004385875537991524,0.9956141710281372,0.5238365530967712,0.47616347670555115,-0.5457025849591396,2.532456508193463,-2.297479438784183,-0.5084204197651759,0.0637948777181555,-0.03424846817569719,"[-1.5506881680307356, 0.9872293445382876, -0.994393842965563, -0.737100642692181, -0.6557258504232628, -1.3766221745527334, 0.5073832394122114]","[3.573742703432884, 2.219700185676794, 2.8180239024684752, 2.190848158300921, 2.3471797693968965, 2.115678655835408, 2.4620221822428623]","[-2.8797392939802866, -2.4120113043288525, -1.168945683418253, -1.5982050566120891, -2.330557685405135, -3.410687217605325, -3.1547980017153745, -2.0798046796278973, -1.6425660263644324]","[-0.5167876209884203, 0.39827793323350275, -1.275544766557266, -0.7913389179904812, 0.2927652236315856, -1.293160111240496, -0.9927719466626955, 0.6036093056093148, -1.0008328769216275]","[-1.008952033656867, 0.10815646646638422, -0.3682585023880877, -0.49836531446236165, -0.27995681969072284, -2.226360412198873, -1.1656815739871504, -0.3379049994092079, 1.0315859002742767, 1.1488419511901853, -0.1735629964403305, 0.06532765637425439, 0.43354107462903263, -1.678327811955901, 0.327010458289291, -1.0611014082340662, 0.3350879116553244, 0.3263881721115862, 0.6956180740252563, -0.19104608252000455, 0.2124260102678089, 0.5327419236402198, 0.9144062416582363, -0.2578840327430189, 0.08711873532431828, 1.1798335728599991, 0.3253106332078892, 1.7708050952766325, 1.546647518078373, 1.3160866885160478, 2.2872012852805814, 0.7967626945349515, -0.4063755443111087, -0.1536260249555718, -1.0892586431334101, 1.4142571452013057, 1.2439869599706892, 1.2368502019884737, 0.525537279240907, 0.6790406982857832, 1.4321852678121345, -0.4318506575453837, -0.4231873488321135, 1.5808669349190356, 0.5257795801193705, 1.3961039874147814, -0.24283641371155668, 0.11631468212226705, 1.639107056314966, 1.6436855401758703, 0.2988084883391116, 0.7191888103864067, 0.5038826937734134, -0.469224019928648, -0.49103782571206833, -0.019147043640768992, -0.8812520624981851, -0.33399822975288596, -1.2277874025505853, -2.706908688204919, 0.3863644542497692, 0.17173124018605498, 0.4756179339977932, -0.5326192757474483, -1.8063016561441219, 0.1933024912234017, -1.3386653848355652, -0.7052911371096965, -1.859049462011897, -0.8473616156913623, 0.08895769288663288, -1.9109233275473865, -1.5377456616675946, 0.0740676796127118, -0.12440967879835657, 0.5601987005631629, -0.9212520085179324, -0.28956952274313885, -0.3428250967448815, -0.5255621594478281, 0.294283046457143, -0.46773178449246117, 1.1446821080741025, -0.6679191680118102, 0.33899879152282275, 0.09589053597388533, 0.10418526679682187, 1.1058202985367258, -0.504624385284758, 0.029482199176184064, -1.1548951764956445, -1.5295691433437593, -0.12973966502333567, 0.06713308063885931, -0.6205119057570858, 0.6720145936315811, 0.3338153039650052, -0.8565581313241136, -0.08969003154913831, -0.2167290561742062, -0.7277929069344798, -0.11502056515071048, -0.5913256331317235, -0.6774184853236381, -1.6359111686131311, 1.1150275204677838, 0.0361313948875028, -0.6088947246617443, 1.6656735815856345, -0.1876002277531478, -0.6399431102606441, -0.6087097084104265, -0.998417530603976, 1.1725488206166623, -1.8178754912528257, 1.7823863895990955, 1.0185004932133923, 1.4880615047565826, -0.8752092028512806, 0.41046289111197604, 0.06579227969791575, 0.007103960827580552, -0.8415027106750586, 0.3229722498486056, -0.6949737561357948, 0.7567913392335898, 0.16606706217862827, -0.6992476926465011, -0.2609818005266799, 1.6765741855544398, 0.2643375499635168, 1.072134490758037, 0.4031524547124927, 0.07083162364959292, 0.6084835760829813, 0.43868081098471484, 0.14755504485766566, 0.7614244581084902, 0.011567982179315196, 1.6125679572114568, 0.3453929196898465, -2.0874114263460175, 1.668450490063505, 1.7343538802382847, -0.9653252345478062, 1.2504794703529354, 0.04735407608164328, 0.220284387428571, 0.36175175359631634, -2.3743889261177173, 0.8896317561649875, -0.19052605874532988, 1.0993589506197559, 1.3346493239931052, -0.3008915347800116, 0.6515204588918339, 1.7778520020843536, 0.7393406788358963, -0.4099081021689838, 1.8830887583462903, 0.8756601745880461, 0.5167873201222883, -0.22622027743563963, 1.5242681058120782, 0.7813091160190839, 0.26960101734274755, 0.6233973884406852, 0.5274603841902902, 0.042482170779207, -0.0002541724726992558, -1.4277793476986897, 0.26279933703761665, 1.1547886256753583, 1.2571129982382354, 0.2490690392941739, 0.8497085845129819, 0.8719598846493393, -0.11340314327061338, 2.1993122868021855, 0.8223324884499712, 1.2622856123954984, 0.018080807920559692, 1.069416412649105, 1.7565775450154741, 0.7400209301416936, 0.825948557601237, 2.035032217385602, 0.5645229563401257, -2.1087136760042813, -0.6443110719944557, -1.6460311316207106, 0.27616991304967076, -0.21226749065299608, 0.9694235989822992, -1.5279281256614659, -1.3569871673897864, -1.3447868801446003, 1.110199421617873, 0.1005080423021173, -1.2764199371650238, 0.13346205113769632, 0.23635436808848037, -0.8151769766734199, -1.782335279653799, -1.3260919316382789, 0.00462375492947469, -1.5183265518083322, -0.32570774553384857, -0.7732578905081015, -0.7923617171451214, -0.2002877081661532, -0.17338401422527128, -1.1400753002224497, -1.0271677721196142, 0.10248361550651676, -0.8116925291958189, 1.8620209192065806, -0.20832047336024945, -0.9889539116309958, -1.695199785283883, -2.1815951148555772, -1.9622579061566565, -1.0826295874860057, 0.4638594216659104, -0.6842628167132806, -1.4715234109176152, -0.07643220655721614, -1.8998328116298295, 1.1779766953888593, 0.5687541264357479, 0.7785179945051781, 2.312427106234954, 0.9159714478893306, -0.5273909989464043, 0.20424260812968031, 0.34660529549217, 1.3182664949675664, 0.42400964549898096, 1.3516685013004544, 1.6577755467912045, 0.9748728614974401, 0.8222823221582037, 0.7698684649568703, 1.89649092415954, 0.29770041150021553, -0.32460228698151355, 1.6906492302608744, -0.15019259575158106, 1.7716514117824111, 0.5000194086702134, 1.967498105487021, 1.8183547138167127, 1.2714514559646342, 1.8225174310196168, 0.7029388043061122, -1.3976794603338072, 0.31291601852462175, 1.2861112062011146, 0.6178398488228323, -0.2633344905208519, 0.7510460440929277, 0.6821355917086654, 2.2272952626943674, -0.02337436675561976, 0.9986192766136304, 0.9080937935984997, 0.35143453162081517, -2.0919009604358223, -0.6198300891515421, -0.8849540652126747, -1.2599993755348422, -0.2710601143552997, -0.8830309028463557, 0.13763955792368798, 0.031408845484098946, -0.2953158749312961, -0.39904831064286994, 0.2037801271668873, -0.5973830783199082, 0.15290652412003636, 0.6200286488012455, -1.0946028438924846, 0.8913229312075127, -0.5396250108199775, 0.6031138107592253, -1.191907220100305, 1.2665234354765191, -0.01264251912936094, -0.5565403581757937, 1.1286826332828526, -0.17227042292242395, -0.1615883659781415, -0.7511196993675272, -1.659013644483349, -0.12511149529734425, -0.6229816064155707, -0.6112632867687476, 0.04271753546293324, -0.10470460035964105, -0.7592392857278721, -1.1964954457557726, 0.2751918355649891, -0.657908184624323, -1.2559423073565195, 0.39551372427127196, -0.8819014979924479, -0.8111610959517371, -2.151110915977568, -1.6774365476214903, 0.9475033520555298, -0.24366625699494346, -0.18422462078620966, 0.3535099727595166, -1.362655347248859, 0.25235164259936366, 1.3820941455670053, -0.6272575139782983, 0.43033707912080765, 0.4075797918421105, 0.8571161548204824, 0.40477099515751536, 1.4953871444952045, 1.811337337641228, -1.0844355898202658, 0.8528174534401524, -0.7443097259147846, -0.655910525770148, 1.052925016723502, -0.04792437414792621, -1.7016058751604166, 0.04139381440726452, 1.8168188353766175, 1.63902563962794, -0.2667901017081792, -0.4330989238349543, 0.47978190230168577, -2.544110334146615, 0.6638055405693903, 0.43005980678586225, -0.8025975206888327, -0.5397409141391148, 0.3412223876982763, -0.5893876513701911, -0.4923932334589517, -0.6561306427332194, -1.1273078230013485, 0.5578088508923414, -0.04010485244822419, 1.2973426168563673, -1.2835735582934438, -1.1900067479040557, -0.5397409141391148, 0.4172553732291309, 0.5522185194750722, 0.19631507084577374, -1.4985046885661053, 1.469406166334684, -1.236777406047111, -1.097792534004184, 0.06006418535725886, 1.0190902897401315, -0.9966429244248649, 1.5229401575192438, 1.2295145660171074, -0.15249454536539087, -0.024163775016093566, 2.082003478283956, 0.1439403012651719, 0.037548546158601113, -0.2751354568968002, -0.8895044118274237, 0.8989175388131772, 1.1934648109785875, -1.0523879525566437, 0.41955451530075627, 0.20562054296894672, 1.1756406679679798, -0.8008342707720563, -0.1971286548911109, 1.0046154241245282, 0.09627950898463414, -0.5989715517111346, 1.1680257012718656, 0.06824233596443917]","[0.7979795959189883, -0.6822991021598362, -0.9400124070671516, 1.63288594634795, 0.2155306253217607, 1.8262162978755652, 0.7151384937267846, 1.1899964977472115, -0.5374334478972782, 0.095099568317828, -1.1993731801093506, 0.4300928186976521, 0.951429746061423, -0.14532230752675668, 0.7155236144613468, 0.30995000441430265, -0.7042038745195567, -0.9531486219547117, 1.1314601232885388, 1.730413461470821, -0.08939769754436785, 0.6506866095382019, -0.3863234591586261, 0.09611187079344038, -1.7574533822327063, 0.6975689438124444, 0.4824329480707154, 1.5370220315934535, -0.9800823246091388, 0.5191960386336496, 1.1579921192306235, -1.0365934809862865, 2.09418661983724, 0.23716125082225117, 0.13949292617531503, 0.3533801485024376, 0.1782203551552295, 0.6555974038105175, 1.4219470742248643, -0.5621805725037488, -0.10836611327094159, 0.25546791860386653, 0.7960906726432657, -0.33261020976593947, -0.08166522997421052, -0.04813129622025434, 1.9600536457661344, 1.0635323075293746, 0.1013514044850047, 0.36182395433771697, 0.2971099061852138, -0.07517980370670582, -0.716816544074271, 2.0686604369235755, 0.7980253806630944, 0.05302051604769887, -0.40966613392944795, -0.36890397995587537, -0.45919758166721975, -0.6060151351826429, -1.2592076619293198, -0.2043047414546846, -0.1969655651052112, -1.3957331396632302, 0.5215185948723798, -0.43999172414915144, -0.7272085746418258, -1.092836222993755, -2.15523206795358, -0.3812553364340136, -1.2702587715673688, -1.7756715377736827, -0.5453132813455827, -1.1565521378180168, -1.2839267459872488, 0.6402054750310381, 0.5425854252702101, 0.5001941028683065, 2.6585730458691326, 2.034619494388991, 1.440420718906369, 2.0973202333832877, 1.0386168114537506, 2.115859523581819, 1.8901016507856376, -0.9487307525336727, 2.528027042265372, 1.4182235805683137, 1.3053255874970857, 2.5797761060668933, 2.2223089531344353, 2.090423621629154, 1.761982123364789, 1.9706521782487396, 0.9849743716196342, 2.605422409298726, 1.0592559719130001, -1.0506016317093536, -0.7256813930365749, -0.6190443411917175, -0.818118646111785, -1.3436635562863137, -0.07790270697316752, -1.2530704498453094, -1.159773348802744, -1.3688336014366909, -0.9467953512867578, -0.026832477752472675, -2.599040995523073, -0.6306263234051945, -1.0201452280871026, -1.7451211306109546, -1.7644685733535672, -1.0520113981495083, -0.07587489064338854, -0.5637960473767143, -0.5941456487718576, -0.0005678400514423191, 0.3890269739013344, -0.20162867862628486, -0.7299466104572121, -1.252534897048704, -1.946921769161514, 0.056063505805384745, -0.03275303361538485, -1.9072608778009732, -1.2959841232394538, -0.3600902463127122, -0.10753205141523653, 1.022275712680959, -0.6725321011210943, -0.2031634352779764, 0.3182149504868648, 0.2581630857341226, -1.683513584687604, -1.3935078253679454, 0.18553615582148397, 0.15783687051484246, 0.8434165857962018, 0.029914876934334696, -0.19403859985611635, 0.95587976980166, 0.24782522853934602, 1.0509528867936895, 0.5994826963451501, 0.15666733663163182, 1.8640190589998062, 0.8880938617242007, -0.6449758280723342, 0.6182440605278557, 1.2306528799983627, 0.3371322471299846, -0.921982202196548, 0.9201135283645808, -0.5571302936485377, -0.3804651361186392, -0.620416838248468, 0.6462400751894954, -1.0164072929890908, 0.4160260170226488, -0.5465469563215622, -1.7593736552494184, -0.10077515400951073, -0.1291786653842295, 1.0911774711159457, -0.36013748615188756, -0.7302976472121138, 0.4240766391721677, -0.25224539834875453, 0.33311299812684, 1.5052172840116402, -1.3829290875029283, 0.8371761870499024, 1.9126190350957015, 0.6110419531160932, 0.506304710493506, 1.0141505822800245, 0.6612085649623959, -0.021199542400121063, 1.3222728156683559, 1.6544526762367648, 0.7162124431029044, 0.4559512706680444, -0.9482355348243464, 1.0952150483838639, 0.9638051073934684, 0.6159756476171608, 0.28578158370614576, 0.03268495602290955, 0.8574773854469976, -0.8232597619129388, 0.5865175801899192, 0.48157670155443333, 0.1971607884153068, -0.8467422552384204, 1.951255448249728, -0.6116492600569009, 0.23659580497946545, 0.0754999956492662, 0.6120368010357549, -0.1305138462533848, -0.81625779423556, 0.21874324608459583, 0.9178217071995808, 0.7422766833905113, 0.6728285063350729, 0.3310706014393128, 0.7743897605750235, 0.9597747940944082, -0.5824804571439453, -0.684313321973639, 0.7538899757544232, -1.3350642123569125, -0.7295451395496821, -0.6342511760759687, -0.01476194547168497, -0.056443940470806586, -0.8517301755933121, -0.10204162621708468, -0.3430058577242563, -0.2771260480811283, -0.5010707534539535, -1.0846777396310452, -1.2148457774705235, -1.5469217397965096, -1.3904368636513746, -0.23130519025704924, -0.07709660521648533, -0.3545630066597571, 0.9928278521705807, 0.14604838744856946, -0.9787612756398126, 0.09917457891044193, 0.0009484667358191319, -0.11368222542991334, -0.11725781107879664, 1.1082775242290208, -0.8145836419888268, -1.220965908962745, -1.462655396347892, -0.7704077159856679, -0.5405494091919035, 0.21081751205955535, -0.529526825826099, -0.11154985934197101, -0.659038531944285, -0.7759432096167914, 0.1394573801742199, -0.38105732391237435, -0.28083613711590594, 0.02383904360733624, -0.44749467240743757, 0.06577099379558485, -0.015320224663323093, 0.3211709053340238, 1.4689892024793618, -0.6571267024365587, -2.3601299403777545, -0.7222129074342252, -1.3858807047021042, -1.7114762553932026, -0.6834292853588648, -0.710657047724978, -0.2973031713817631, -0.12063151351573102, -2.2402155702507947, 0.06986808781487702, -0.13993683556636888, -0.6736643220247945, -0.32400928767240217, -0.33662839616882073, 0.6585581006055614, 0.7963501009887644, -0.541223294010565, 0.06327197446558507, -0.26824655445010487, -0.3749360524034837, -0.35879601810261497, -2.360012902802536, -1.6695827716092926, -0.6405849086749782, -0.13233538597355457, -0.4044051185741756, 1.3218794544070684, -0.6438136086867607, 0.7836008712349015, -0.19573197273044615, -1.1315993714429304, 1.2053455768710384, 0.20432045197036242, 0.9867372372710063, 0.21411311280800382, -1.6132172122313058, -1.0045273008717748, -0.1713871488401544, -0.5273092321841472, 0.2616449544474911, 0.1504698648488715, -0.2088843451503844, -0.6496357067488897, -0.8011757214830972, -1.0868739441196393, 0.410379905296015, 0.5527627379419211, -1.0005738932045658, -0.046193594340479455, -1.2508174763890192, -0.49514545868509896, -1.5475313982466379, -0.9699252443591286, -0.6587198439129757, -0.12187052181643106, 1.6184433494577453, 0.7500159481930702, -0.39326912903203304, 0.9202325930446136, 0.5099744815066927, -0.20428269866821921, 0.7855815343009949, 0.5289420387648954, -0.7318089031774373, -0.17005681031639866, -0.8253829731982595, 0.01891427691486534, -1.3008057095247811, -0.17004237925673685, -0.9448096828141013, -0.7222960589579563, -1.164193698273071, 0.030463465100818075, -0.5361651621258393, -1.3868899192064998, -1.5223130647154126, -2.1599862065721056, -0.09273943876038455, -0.46431122207061976, -3.300492034396161, -2.2298211286088243, -3.238146507318309, -0.28486707849693194, 0.3262044075431777, 0.8543033221805124, -0.07737961521245898, -0.030303570506410766, 0.7793763374483501, -1.4446369999581086, 0.6556129912621369, -0.15431673789660502, -0.7115467283333053, -1.0644384421983157, -0.3415934322571858, 0.3262044075431777, 0.9859668709963598, 0.5830121593031993, -0.7551329896647856, 0.36242700284627843, -0.6150013368240985, -0.06471835687856592, 0.6203891444918105, 0.4740502234749085, 1.7572388499450893, -0.9014442248647399, -1.113264239260219, 0.8435651030326723, -0.1788588693925304, -0.08821144342203067, 1.3858571529801866, -0.3250605809830394, 0.7342464449445594, 1.3748024103264906, 1.7631845926503862, 1.2102994427016898, -1.6091506112185558, 0.6259593493117869, 1.1820249022644544, 0.5830938587231795, -0.24709762351120446, 1.3574839460186943, 1.5259946126833757, 0.6288302868543125, 1.347390310145459, 0.1173223780233882, 1.3737651561630992, -0.6062643326286706]","['v69', 'v61', 'area2', 'v118', 'v57', 'v1', 'v36', 'v2', 'v3', 'v4', 'v5', 'v6', 'v7', 'v8', 'v9', 'v10', 'v11', 'v12', 'v13', 'v14']","[np.float64(0.12066663761039101), np.float64(0.09993681624031753), np.float64(0.08237289236567853), np.float64(0.0819920261934346), np.float64(0.06329003451990717), np.float64(0.002769560402664874), np.float64(0.001557790419362818), np.float64(0.0), np.float64(0.0), np.float64(0.0), np.float64(0.0), np.float64(0.0), np.float64(0.0), np.float64(0.0), np.float64(0.0), np.float64(0.0), np.float64(0.0), np.float64(0.0), np.float64(0.0), np.float64(0.0)]",3.509366700216485,3.6787726297595347,3.6588970551771074,1.3632243641625454,1.4684174260004608,1.3726736395349726,1.4939984570020166,4.792653781783683,4.811365495299459,4.683124904233664,1.6753616177021777,1.6321300410754782,1.7841680236412811,1.95096065027202,1.0055467853594098,1.0387276372478786,1.0378457773882734,0.12235396605861953,0.04598156883261495,0.12869293962323544,0.09746451785060067,3.040876927958639,3.205899201429693,3.2809774798012987,1.2724916809950264,1.2444838821043924,1.2209548689965801,1.3423239902247057,1.6161325019629453,1.4464493423062847,1.3805009312632894,0.7022504403158565,0.6127758926832249,0.8046340990889329,0.9671392905340273,0.9846802981355075,1.1811950726227558,1.0028912509288677,0.2768856477072531,0.2610357346368894,0.3267148967886971,0.3336769401121372,False
f818_b,f818_c,"['97', '98', '99', '100', '101', '102']","['103', '104', '105', '106', '107', '108']",f818,f818,True,0,lasso_no_out_standard_k20_lda_nc2_sex_on,lasso,lda,,standard,20,2,11,6,6,True,0.9951664805412292,0.004833574872463942,0.9936138987541199,0.006386081222444773,0.5238365530967712,0.47616347670555115,-3.175698368429757,0.6274882157382458,-1.9965435964590552,-0.9836642120487727,0.08081628070138787,0.0055652499423518575,"[-4.053903557910776, -2.653267207274622, -2.50472962959164, -3.5149691195222115, -3.209854718606963, -3.117465977672333]","[2.6535092198470247, 1.4600137071487738, -0.6982674454785478, 0.46003509431149125, -0.5860569631165979, 0.47569568171732995]","[-2.085522614471535, -2.456050479273305, -1.8677620418831997, -0.9720755796866765, -2.4568791173890046, -2.1409717460506097]","[-0.4598156924831053, -0.837690561841434, -1.341790496874442, -2.0417994364731857, -1.1893148877374837, -0.03157419688298534]","[0.26327110301442036, -0.1412137963953833, 1.1722880654598702, -2.0982431581257623, 1.178983335246737, -1.2958415576042694, -0.8750935442615391, -1.5828681546061507, -1.1770092561851442, -0.7109153073663371, -0.4912756929440672, -1.0124604192616005, -1.246326266147693, -0.6179892059329489, -0.7916468925997683, 0.589453001669765, -0.5884014967006652, -0.3433351200868964, -1.3321852093042696, -1.7359098315136752, -0.6324532389278914, -1.1292533232636466, -0.8088290096816378, 1.0447330598327234, 0.8727764359131428, 0.4292370909091498, 0.3313671106034791, 0.2863284747873864, 0.7538238810953345, -0.3759452167016321, 0.09703193486674266, 1.1762568379999567, -1.0427520420762508, -0.048963647305417676, -0.7226828444277767, -1.1562099476604886, -0.33380000273705535, -1.2916278720170071, -0.38829735181558883, 0.8145357833120673, 0.5491612465684289, -0.11158037477662813, -0.6938752927747426, 0.09558292911987071, -0.21170150522783793, 0.12266587734723385, -1.3168827536819905, -1.115042389366805, 0.69004602294135, 0.07253616730700248, 0.9671357142380863, 0.746100788480667, 0.2652690576585555, 0.3013368361355679, -0.7083755478142546, 0.07104445746198891, -0.20699539870274522, 0.2971495473307821, -0.39172339809241863, -0.4387218040548754, 0.6545540454023988, 1.4973531938525837, 0.3538893314504611, 0.549502730403554, -0.1378659468978318, 0.8172540030378384, 0.6922265845972212, 1.1093778325604948, 0.7190014254449635, 0.38617246143658324, 0.6036730291951645, 0.868144755794032, 0.12552066800843933, 0.5402739508238634, -0.21929815684684933, -0.37358701557286345, -1.0737048123986441, 0.1488438776840958, -0.8659370337393337, -2.4932789065383094, -1.9240454604672608, -0.6543013519154768, -0.8600834188485277, -1.6374032314300861, -0.390970655567923, 0.6833310045258157, -2.2785634253253213, -0.6232070679356789, -1.4016225771316226, -0.7851874691086237, -2.722798325517509, -0.741898290743779, -1.1281176137265085, -1.900078854641812, -0.798370034090192, -0.06376485104031937, 1.1166033536139115, -0.08723764964597568, 1.5726036423943142, -1.6397514032027467, -0.18143366082211201, 1.450124836008267, 1.598476685244333, -0.29240974093341565, 0.22242865294059988, 0.879883205571371, -0.2467087395387016, -1.071934417691054, 1.6167350617146397, 1.211072563836275, 0.6263279375422139, 0.9504453926262523, -0.641728531761391, 1.1699011194518076, -0.25022742503826645, 0.2709868992108768, 0.276000848943792, 0.7485120758146208, -1.252731003574318, 0.9223539476927329, 0.6147990395635271, 1.2000764507583708, 1.3326784877655302, 1.0090926461981886, -0.418206426240105, 0.0548344617386275, 1.1036541685723418, 1.0081246062721463, 0.08816493433233286, -0.525090155292233, 0.10729719710815447, 0.9664769035071048, 1.097027232660139, 0.7684281687327311, 0.8691277448879, 1.7874081478307178, -0.3219688063411754, -0.5990318734871751, 1.2572158144164503, -0.7460725294926425, -0.7732485439562572, -0.8744499661567471, -0.46767095332150066, -0.2248968899121406, -1.6863681522019465, -0.6744438628058984, -1.1905840584345746, -1.404797628244827, 1.2144754437440501, 0.9763443173325929, -0.4086280120038907, -0.11948395627294363, -0.022014779059750248, -0.6774126306545815, 0.17382287100930888, 0.5322489185350306, 0.2720438540573872, 0.7558120279803218, 0.6304684265789118, 0.5182858456034628, 0.7215531484503986, -0.17833888970653836, -0.36137014525789585, 0.4915571476025614, 0.9827879065609647, -0.57992258129466, -0.32475925197035893, -0.14849386171214382, -0.7614951260622304, 0.43570673307872204, -1.2535839693932957, 1.5024023865147074, 0.12791580297511498, 0.717332662821033, -0.8650545850072197, 0.31966678848177416, -0.5641776647283021, -0.2766897772005535, -0.34281628585273977, 0.7451557544545117, -0.1323737741830663, 0.059174718125141905, 0.5550152536526335, 1.159533882438025, -0.9366844577958613, -0.6122927801958943, 0.2583697353452272, -0.045496483713995124, -1.0160508553570906, -0.8869694883144577, -0.025412174923422265, -0.7165087040240359, -0.8870352309455986, -0.33384574340172873, -1.0165429380960103, -1.3220013498265226, -0.71093342537812, -0.4093238948333276, -0.9137672847842274, -0.6836044005522385, -1.1096934400004925, 1.2866745998179558, -1.2154611663872512, -1.5404355517009014, -0.39915420831189385, -0.8234351787045101, -1.0940166251512577, -1.9602160532611703, -0.5808346346000478, 0.7976072347245353, 0.058973181323142415, 0.10545563125059394, 0.9397602134261487, -0.8640081688280475, 0.23812747967396516, -0.6024464772070237, 1.2415488002673272, 0.7010110083025753, 0.1428606120817284, -1.5463964201548626, -0.6595859347826856, 0.3476204557703646, 1.3854548231591852, 1.6276781456507508, 0.9294062495867905, 0.23379719139626476, 1.070548323725586, -0.9493931708386343, 0.11795137237253918, 0.6605130062310821, -0.8808062066993662, 0.9989376854873374, 0.29854494188971004, 1.343739140543108, -0.32304223492996376, 0.3994340727248502, -0.08552900556597166, 0.9718570907285404, 1.39942943813711, 2.7024553180159216, 0.6274550641901602, 0.3586380008296828, 0.5908251549553983, 0.33507892740442663, -0.5783527362771697, 1.6427040912420643, 0.8850248360381255, 0.11283533347715272, 0.8045219275495433, 0.23157717642364525, 1.074277657079923, 0.5621626437384527, 0.699733332985549, 1.407296684752118, 0.5423978353816892, -1.4641544960373427, 0.8603143512109346, 3.4556549221191375, 2.275142665805325, 3.353666298725751, 0.6301774156338655, 0.6961165932939535, 1.0280293768391708, 0.9243908173574219, 0.7592943506644798, 2.111323235108007, 0.3464595049562235, -0.5929643589921041, 0.4924270171313527, 1.163995680822891, -0.1462821539373167, 0.04928031901767129, 0.06630388721013891, 0.5202419024434369, -0.8477473307185488, 1.131179334645544, 0.11783449552845876, -0.1453670613667027, 0.5654867363692634, 0.14507310575104332, -0.23431557927363236, 0.6495253781752769, 1.5454076114365738, -0.2143643901193854, -0.21193337730249925, -1.6374062732852277, 2.1611014817728673, 1.6310706576181309, -0.7284329936396124, 0.36156015693283844, -1.875214238135528, -0.2913833118523111, 1.1798881434849315, 1.3624792036041995, 1.4353465608756866, 0.634618163049955, 1.0560909358161243, 0.3384486106653302, 0.7543148750347337, 0.9144514989777824, -0.48380070505470507, 0.5843235562361945, -0.01761142432345594, -0.8772104248718984, 0.8251378978924704, 0.31779990238424993, 0.46437890975264173, -0.16890296540048502, 0.6158754612488812, 1.4498114058437428, 0.11711709240913581, 0.3236205407681792, -1.5459371381085685, 0.41016520737115497, 0.5362411520512659, 0.233990418953736, -0.09871138607540436, 0.22523610729268106, -1.5533013864585896, -0.38415329413382415, 1.172227445603688, -0.6118641149152542, -0.4740338421381716, -0.6438085557416535, 0.984813819851903, -0.7093829135740665, -0.05036291295954029, 0.21683973698765685, 0.17967765470586802, -0.9030230558073525, 0.34284430349823297, 3.439049048650291, 3.350702413734836, 1.3712692661136376, 1.101512772825473, 1.5153855690576024, 3.4455656453456167, 3.4795385560492234, 2.1949641796533235, 0.9458754492847689, -1.8148434144214138, -1.2793568833900721, -0.4845020136134856, -0.6745114787119103, -0.8679737062678538, 1.3736827556919549, 0.5165995395134118, -0.3983670903119224, 0.8221010323816282, 0.3080003668741867, 0.20120311446560654, -1.8148434144214138, -0.3606071395712, 0.27926650955783117, 0.6864521645534591, -0.951881922880164, 1.275683330039061, 0.8435424817844195, -0.2995119840566076, 0.22183717667006053, -1.0726572184454994, 0.7196654198759074, 1.1701490681251956, -0.2632271251455077, -0.4696143628214451, -0.48435200302567455, 0.5474658231143582, 0.4493349549518156, 0.29176128199512985, -0.7062176285940173, -1.7248563416821476, -0.8729200745737894, 1.5042182618270905, -0.8013101477965952, -1.041258024777776, -0.4015194510575431, -0.6517090837973777, -1.510642955081101, -1.0767049138936562, -0.9848953020931153, 0.22395469133086718, -0.2018058564228465, -0.6281306388273044, 0.4874771903220953]","[-1.0364841115477152, 1.3132172088156016, -1.8541396835762003, 0.7764740145358373, -1.0025899924407662, -0.8806937961320115, 0.5299832406845549, 0.16118281940703136, 0.2657571146627717, -0.6278859187889358, -0.5276947500565041, -0.5864679751440851, -0.15830030223622615, -0.5918878436638296, -0.5191485963050572, -0.19104899608121773, 0.13825521032055907, -1.2528424597568593, -0.017042412790079987, 0.6276499520366581, 0.17237385449501066, 0.5387753741862035, 0.4611851643644462, 0.368033394647736, -0.9283991272954538, -0.5696010898632063, -1.577473544967137, -0.9052977267792804, 0.5959807226881253, 1.1026549872141425, -0.4522623362211909, -0.02215215475587864, -1.2471623179267382, -0.11681861628310489, -0.14899666536479544, 0.24499454739761453, 0.9101059538351954, 0.30071243177696494, -0.033494883265909915, -0.06932171144089642, 0.142650593841036, -1.2439686595078838, -0.672641594126921, -1.4506471645160774, -0.5067707460816159, -0.519056432646096, 0.037917086502676424, -0.04396100972675377, -0.06455438005312263, -0.5016212281168978, -0.49509618339011136, -0.37242405406053813, -0.3120284655213619, 0.7481033925140724, -0.5441329566547674, 0.5531279017754598, -0.10384210544448469, -0.9332856793785006, 0.4520163823138691, -1.3731207419352613, 0.4407891301220409, -0.6433726993006391, -0.1639758850603555, 1.5288195500475856, -0.40923269818215896, -1.4054940620343728, -1.1890637665571158, 0.7517575393592731, -0.9091031643733233, -0.9172447936969518, -0.6117827907218629, -1.739918653981925, -0.52680196574699, -0.32571474685638563, 1.6517076745513573, 0.13310938412554682, -0.7096076368395718, -1.4870174371313298, -0.2667800145927678, 1.0195590690892986, 0.8471434256762954, -0.08812176801947559, 1.5833366975516217, -0.6299452083682177, -0.17534932707447481, -0.2902866073595593, 0.8895384908932639, 0.28379365255678257, -1.3433310807635024, -2.8353143125381823, -0.04550972297793191, -0.6592537028545826, -0.5376417276618554, -0.0905195995697276, -0.33607781442013795, -1.7572673551977565, -1.1745669105131828, 2.037023459686901, 0.5541288600001703, 0.9723695789293192, 1.851351832571871, 0.49163650296809924, -0.20972457909351064, 1.2781318670319592, 0.8075916960065327, 0.6591338804349227, 0.5642788957587449, 0.49430412328635204, 1.4046081670327915, 0.8259926719775799, -0.08961150536525284, 0.8304786204616948, 1.220514580093776, 2.1546059612789805, 0.48238821721159214, 1.5510697335981574, 1.6775776317784143, 2.3552827954151225, 0.20519217706875853, 2.36483282053807, 1.729432489252916, 1.8685731055425991, 1.114061183848815, 0.9060351366591258, -0.34219955659559037, 2.2272485552436576, -0.8155204779868344, -0.5397255494574901, -0.9139586382386291, 0.7612558006745773, 0.8989980698049289, 0.5024767485524435, -0.14365929954070444, 2.0615866877672397, 2.6821445254819585, -0.001684809323538053, 1.874698264233797, 0.7355806727780363, 1.1352388073932023, 0.30203887293548426, -0.4692522497721747, -2.009345283960486, -0.5647252288789282, -0.014622469863362986, 0.8196790597351545, -0.000806517161048725, 0.2818498668322851, 0.3947732457954026, -0.3996120704320469, -2.3983887725608883, -0.05470003131992133, 0.27960503527187996, 1.7059742795560695, -0.2716198619697383, -0.14003993857803076, -0.4756185774629624, 0.6726192803578959, -0.8527838334978027, 0.8814819463742067, -0.26404906686425417, 2.318516824205565, 2.4292167906137587, -0.08304429105870514, 0.3250685420242724, -1.4190082952129197, 0.40845605161691584, 0.7247887401451337, -0.4051940564522561, 1.2328530953324588, 0.14756411458732904, -1.501894945969066, 0.6712472670409059, -1.2440500618662766, -0.5324031446068981, -0.5932902906183714, -0.95313181619706, -0.24828919942317595, -1.0735935328493105, 1.5068429305713869, -2.1824424884053073, -0.7552367201555473, -0.3825567999338831, -0.1388419964987079, -0.11358090675334372, -0.019466704484743885, 0.14998288549640149, -0.03634281063596414, -1.0397484278745224, -0.058320706901649005, -0.5531634843178678, 0.35219560409073114, 0.8889800153923011, 0.9649921869109299, 0.322986617026196, 1.393760562624965, -0.6452912364198771, -0.758810943198761, 0.9513779291108845, 0.067726256595341, 0.7133243202652491, 0.6917291528162962, 0.6216098088116997, -0.10955478464870337, 1.0488515277558166, -0.7058000551386979, 0.577423707473497, 0.6108868369444684, -0.08470000412004171, -0.6971923901815448, 1.3967955046453269, 1.4582751330415786, 0.1018299668175757, 0.6400426753584904, 1.9829948046751558, 0.7718671523688103, 1.212360961659066, 1.202179736647186, 0.04957928163884462, -0.46190903031927244, 0.8168982320795872, 0.15825869472714502, -0.08511301748047306, 0.32631062979399006, 0.8538557736400599, 0.00040944145890436213, 0.8082320659734766, 1.1208000401213771, 0.6186823079408319, 0.8561157468215261, -0.3239280706607259, 1.264987053106131, -0.14747700997571717, -0.2521452346247937, -0.2665548434270622, -0.42667015554789983, -0.639971451482789, -0.3416303009439178, 0.2673662062295057, 0.43276862869742105, -0.9620575305897328, 1.2888851736799198, -0.03235151057366399, -0.553918484693504, 0.9497621942032968, 0.32177500172093676, -0.4402280691039169, 1.6332990185027494, -0.48872775801363316, 1.4697392144646553, 1.0070475474743548, -0.5741924960003449, 0.7067427114978372, 0.6695786534254344, -0.48628334011669755, -0.9183326163505955, 0.22909968031709516, 0.4069316310288249, -0.826269578644209, 0.2097408665536241, -1.1249362248390986, 0.8799619235987166, 1.042433861588785, -0.5694280308014462, 0.37852800071363724, 1.2663063764730902, 0.42602706022778863, 1.1273253796747462, -0.9141359761984986, 0.6051940284237863, -2.3777763271070183, 0.39604328160618213, 0.30421032302807594, 0.10431917994203949, 1.6587267208617806, 1.2545852111772504, 0.617259643551938, -1.0348591759099668, -0.24943408529019326, 0.7616976612532336, 1.812104603367224, -0.5633099821285222, -0.4626452345888366, 0.2345798207056303, -1.5329017135077616, 0.0023137539672395766, -0.23677228171469794, -1.8231893030139512, -0.9538290914964634, 0.41389877849169354, 0.780452660518615, 0.1628373526057076, -0.5390436114825022, -1.5164515381760788, 0.8063501532887005, -1.617245808127966, 0.07936399587748284, -1.1339956033979617, -0.677922307161924, 1.9820871896489702, -0.17069610085113526, -0.75992300476099, -0.08848894635720461, -0.3957799705579415, -1.5418303494086747, 0.09133213774566544, 0.5170553370722352, -0.20984773971595064, -0.6699223739979159, 1.873078135323528, -0.18908689939034962, -0.5966771044649902, -1.286835812286331, 0.055241578406313, -2.2383150640792255, -0.1781814053940265, -1.0326837127676105, -1.6065088558887102, -1.3747319738373105, -0.3437480542394838, -0.7359913422476675, 1.0186890593299933, 0.8471292303568171, 1.083838868303866, -1.2444778018644924, -1.4683393344634865, -1.4934709556006425, -1.5820202497698275, -0.9998778201227754, 0.22640469009133424, -0.9502108741841049, 1.0947938764202643, 1.7953682145213112, -0.8784188305363588, 1.0796076113631248, 0.8954154388398119, -0.440608674672412, -1.729490382080153, -0.3325814719593912, 1.689966355558465, -0.9919848543877133, -0.42183210311837177, -0.44632071029155485, -0.35822549455846664, 0.04310449344763799, -0.5510321365742072, -1.0038745946926702, 0.07747143668409387, 0.30693444908858347, 2.251009161786874, 0.14465935052861884, -1.4464981700140873, -0.42183210311837177, 0.27536254180047354, -0.6225383871340755, 1.4430289518097, 1.0134470428499418, -0.026654463710564673, -0.5836805002574005, 0.5448598837358889, -0.25376958531694394, 0.08290160974788124, -0.698897625334567, -1.4486442197431395, 0.2838931331711141, 0.7585861638113869, 1.664474344868097, 0.7486507994600189, -0.6270028559095514, -0.4240706803993154, -1.1608309573581912, -1.8610021241451606, -1.542474768202391, -0.2551935220571311, -2.181155357712522, -0.5283275045768879, -1.738725049022961, 0.2021572835763669, -1.419204780631726, -2.4527770692168205, -0.2769328871551357, -2.9098746261614163, -0.9697369310750261, -0.4362427540808018, 1.5728136636304473]","['v1', 'v2', 'v3', 'v4', 'v5', 'v6', 'v7', 'v8', 'v9', 'v10', 'v11', 'v12', 'v13', 'v14', 'v15', 'v16', 'v17', 'v18', 'v19', 'v20']","[np.float64(0.0), np.float64(0.0), np.float64(0.0), np.float64(0.0), np.float64(0.0), np.float64(0.0), np.float64(0.0), np.float64(0.0), np.float64(0.0), np.float64(0.0), np.float64(0.0), np.float64(0.0), np.float64(0.0), np.float64(0.0), np.float64(0.0), np.float64(0.0), np.float64(0.0), np.float64(0.0), np.float64(0.0), np.float64(0.0)]",1.9965515575174315,2.1580529572453337,1.875417574912099,1.7553511329266924,1.5369608325195656,1.1231184663705949,0.9084598078919819,2.79030719975772,2.878411035227616,2.422109144418399,2.2224080029401923,2.1685420297206104,1.4862004712854726,1.1211950981811438,0.20564732787649964,0.2657713778599015,0.16776840576357233,0.11492830561188032,0.07972586005462867,0.1406858475284301,0.08127514743731612,1.6111524277870184,1.8631826976513857,1.591002015976969,1.606310261591009,1.1739631271958777,0.9784911628177525,0.8819748043913368,1.2279774960211185,1.0326566278923603,1.1467763469237113,0.8300669074929831,1.0146015581269585,0.700695302253654,0.6968553762511274,0.5047207391592348,0.46295211260580704,0.4117458016307615,0.28035795137810615,0.25578561163404034,0.25402862127114945,0.20511091010278173,True
f818_b,f1014_a,"['97', '98', '99', '100', '101', '102']","['127', '128', '129', '130', '131', '132', '133', '134']",f818,f1014,False,0,lasso_no_out_standard_k20_lda_nc2_sex_on,lasso,lda,,standard,20,2,12,6,8,True,0.9951664805412292,0.004833574872463942,0.9944157004356384,0.005584348924458027,0.5238365530967712,0.47616347670555115,-2.795645535170633,1.2754007365192654,-1.8935386689234686,-1.3930984353488354,0.08313068375628009,0.009094747561653793,"[-4.066116639108557, -2.801825071194213, -2.3935363818058866, -2.0082278927673336, -2.8600778772032607, -2.644089348944547]","[1.483084968310546, 0.9674524446039969, 0.2250159429658356, 2.0979680320192124, 1.7204317483027851, 1.1584512829132156]","[-3.172223966694144, -1.325906769897183, -2.343517345861419, -2.1031813244154756, -2.355332044185144, -0.7792148157691865, -0.9077368150874513, -2.1611962694777445]","[-0.6786619925396917, -1.312928628783093, -0.2075620610138727, -2.117876903645361, -1.484870930217272, -1.9516156352004081, -1.564702242565548, -1.8265690888254367]","[0.7589132533068219, 0.06846341819167798, 0.9592009796048139, -0.7000276883904073, 0.8458451956061507, 0.08466155424521793, -0.6567169849586549, -1.2059497758186106, -1.9223222976542411, -1.6429231899676215, -0.8807468032868179, -0.965759306921897, -0.3846241415304827, -0.7934111052564742, -0.7655429102528957, -0.06910630959454336, -1.1065375801338662, -0.5364950289359312, -1.764112583806751, -1.292705355964219, -1.0242118030459115, -0.378919334413522, -1.65566156943548, -0.039370546674458544, 0.7091768468650985, 0.16745491354008718, 0.1926938821035904, -0.21877302224476183, -0.14554945232129454, 0.23883230797569452, -0.5607203818041379, 0.26647462418822787, -0.14754411780973195, 0.16406407092367642, -0.07612271361582937, -1.0198784094227253, -0.4891136832775525, -0.45624898958560556, -0.22874672407488444, 0.5396699553781233, 0.15194502452108968, 0.40789798020901097, -0.3779017136219426, -0.6643938016405219, -0.6897693732298183, -0.0844703770672322, -1.1441890438969253, -1.0649091080883817, 0.7839866757901914, -0.5202336920045441, -0.04423087746061028, -0.07072958539473542, -0.24665712432414075, 0.4426414859324893, -0.5146326094045224, 0.03376725969357343, 0.027212075281467626, -0.8750507766957186, -0.35408533053300023, 0.38335190243163847, 0.6958165262475503, 1.1254311770635448, -0.6488322629737823, 0.3940874765832155, 0.9235071713996362, 0.05723834820397246, 0.9353706082316633, 1.3921207086326282, 0.5654990035675421, 0.6103886067824509, 0.4204362497796791, 1.7621182195581755, 0.06983067807632991, 0.31487586213262536, -0.2122317213617502, -1.5020677919519676, -2.0406326072366734, 0.8352176855436813, -1.3227778887236605, -1.9896809327317098, -1.7287530309730814, -0.9436171205666334, -1.1691195702412154, -1.4205718982409765, -0.29671165253383425, 0.15564706224423797, -1.7325643830396238, -0.6385832240162663, -2.0701137215813272, -0.6922229508065427, -1.3839169917940206, -0.071480641921025, -0.9375908511558132, -1.1656050956261363, -0.7474843733087441, -0.5306454581950291, 0.688645288877889, -0.2692722947629522, 1.8490888436400827, -1.5942547326741419, 0.6156126644845096, 1.4411460511659588, 3.1433987959378866, 1.031299257546112, -0.4550971787997556, 0.0025689862788616145, 0.8222320585305676, -0.61702383748314, 0.24825873443456425, 1.6403371643045268, 1.3815060982661225, 0.9285695642378516, -0.03908760411357087, 1.0259742083485828, 0.7044605730881294, 0.7094552889627938, 0.13827784108733868, 0.10447359546513718, -1.1131136907991652, 0.9688807111657985, 1.8355333148038782, 1.5439789660054422, 1.6133922014321966, 1.409872142944959, -0.32855558008963676, 0.553778257641985, 1.1014258195244575, 2.3272129038972165, 0.714401525973546, -0.7971805001252457, 0.0718625596860245, 0.30094354716460875, 0.5135843335449479, -0.5518638831431307, -0.2129181953122302, 1.3393474458251737, -0.2918339704189606, -1.096213372417032, 1.4641555945630793, -1.4349349620203147, -1.2322060587664636, 0.1372844619329816, -0.9557607922345955, -0.1182718386582578, -1.4534821484146754, -0.6679060391413025, -0.3893074544696259, -0.3083091985729408, 1.1942494858049848, 2.1593599373100614, -0.5936463778724568, -0.3337954838575615, -0.3594232824155053, -1.1709295051391966, 0.016223084995632436, 1.3883676950223303, -0.038284074203925204, 1.1634113174293002, 0.22627157650873217, -0.2436777064043547, -0.14975333115548498, -1.0244910187203125, -0.4771599699309623, -0.20664844580831157, 1.1687323521482236, -0.977334304763425, -0.26702293659909, -1.2736998031413613, -1.1690030330178904, 0.06869082604699134, -0.4527670104565292, 1.6165839627920795, -0.5075465081699657, 0.04833370895894472, -0.9005636296673778, -0.49524172051729193, -0.049353054987160645, -0.8513624393814487, -0.6587792415870493, 0.36831754213405954, 1.1954012581945115, -0.19315255110188123, -0.35231757325014357, 0.5018919169004404, -1.1991685827112246, -1.2501157103502103, 0.4433371645571086, 0.3274312360657849, -1.2682140542830234, -1.4894966335220767, 0.1919156771518712, -0.6633215023099093, -0.9704494209203985, -0.2731643790439664, -0.6606994964627191, -1.726403898255477, -0.5297687845584156, -0.8613271857477975, 0.02706960608744046, -1.4941241281074231, -0.6021358265601527, -0.030571377354648245, -0.6139612073704169, -0.7755625313853445, -0.43081338988030793, -0.5677614161139355, -0.19616079953353963, -1.3295245982954886, -0.679512108499127, 1.125655551630694, 0.7447744515272665, 0.09884691778777328, -0.1266854923884206, -0.4678241031506962, -0.31786389344590116, -1.0203503952161415, 1.0508143767346947, 1.2073429717661701, 0.27079433301573247, -1.9820265686040839, -0.07931279190495681, 0.2020316090637077, 0.3155841763327451, 1.2249121379752808, 0.731878631938026, 0.08586677318353376, 0.596922901273106, 0.22095005018866534, -0.04843642506035654, 0.8695627145112735, -0.9409177731453164, 1.1271865704236623, 0.664656437336283, 1.7351350800430303, 0.6110568329298581, 0.8307497110610094, -0.027936513530583882, 0.6240888345882469, 1.8152801382507888, 3.0711707946252607, 0.3955807018447208, 0.4138409448254942, 1.0626233871416697, 0.40123477710744426, -0.10582558459892633, 1.6630988052878206, 0.8234707958763308, -0.10178100624881588, 1.1166815505020515, 0.08438163527644843, 0.5734801185955793, 0.38205729868926336, 0.7844437275336862, 1.1248825059956113, 0.9279848777576795, -0.27906615829011966, 1.790903514669325, 2.027045528153104, 2.4330552447976665, 3.3827366225792703, 1.7282817716245535, 1.4953198991143577, 1.4189152633078164, 1.572913368783401, 1.4372918077693513, 2.2801263263365708, 0.7146460541747364, 1.1102462731994636, 0.5591718962112706, 0.9446544706179196, 0.3204828264798858, -0.1169743173661469, 0.20646274734222866, -0.05926135748364015, -1.1436343607001649, 0.35413890158752426, 0.4772720818000422, 1.7002866567725283, -0.07670875226488393, 0.4773217992840693, -0.6835532250092188, 0.6302604116565594, 1.2451236808895225, -0.23615167638780105, -0.6199505952322637, -1.1551106578005121, 1.340947752413014, 1.576561339583441, -0.5392498208645248, 0.6681458484284017, -1.5482757183250047, 0.031225058434867656, 2.04801105377239, 0.8364298053538357, 1.5602339666451033, 1.055174964296719, 0.49289382333265847, 0.5497729899557557, 0.44192644514402196, 0.31265842083288486, -1.0516873253874073, 1.2702791802818847, -0.04226375580811883, 0.6134359539729823, 0.2980202390835937, 0.8899832066875178, 0.3242186306276382, 0.6974349607178846, 1.3285962673454184, 1.0118800611489307, 0.6360137294353128, 1.0010792832293738, -0.6284924490154574, 1.0910982180793607, 0.07330971312706869, -0.3137145288711202, 0.24924232631389995, 0.15408892030126717, -1.3749880634160634, -0.034219564025278364, 1.508697019286448, -0.5280444528746507, -0.3034632675202329, 0.953628591870576, 0.6779422125248695, 1.3316087795130938, 0.5560472229216034, 0.6016822828820335, -0.23876467833191217, -1.1598760557745513, 0.3005358170945089, 2.588370792042292, 3.08659324543015, -0.33327762539295264, 0.41308108382670267, 1.633873689842883, 3.047215053669484, 3.0224195685767516, 1.028130663177458, 0.834311149257695, -1.1409687343583517, -0.8680857583252377, 0.2033617575476226, -0.642580846416401, -0.6607449608651286, 0.5091895255729861, 0.10516280812689924, 0.015138151105026797, 1.2852087788608526, 0.9310053227852801, 0.1018832584441173, -1.1409687343583517, -0.3008942153827681, -0.4390965382736956, 0.08971286985131065, -0.6981753167201691, 1.0096435017736438, 1.1411230406965758, -0.2014129041258341, 0.23263451305022234, -0.10457505543352585, 0.33969413660664877, -0.5263119118347617, -0.9858738354623089, -0.3739899588457038, -0.2396176073184381, -0.5254458485019698, -0.007505440981304691, -0.02084621875968956, -0.7137741336653365, -1.88625731556168, -1.356494382725266, 1.3517218230110113, -0.8540386442542962, -1.7605926441688664, -0.6650530239962964, -0.9452472813901153, -0.8512534383555755, -1.7658038665975293, -1.31979193047242, -0.10943646759750571, -0.45965715702348864, -1.0155618057222975, -1.2013147746582924]","[0.8355989654701406, 0.8906783802046572, -0.008243231487218713, 0.574391004793867, 0.33576090254978214, 1.2537630496334524, -0.7245259150047562, -0.17673943380325283, -1.6594068500575367, -2.2037074823573923, -2.2652266580744422, -1.1890358329613895, 0.3810342382806222, -0.8947618269894155, -1.4151861161699217, 0.688990469812686, -2.3093823078611577, -1.8441728341378334, -2.252258777575566, 0.6630209706906529, -0.3278025681329734, -1.1043050100233482, -1.908815692164982, -0.6996492788026135, -1.2023069236722883, 0.16006204474597438, -0.9444419215940262, -0.6343461699843193, -1.1161080335041762, -0.12236991695376719, -0.5889644906981978, -0.9233201190660603, 1.974448475421967, -0.462183186258922, 0.9315346540128402, 0.5908177055820217, 0.18721359707790441, 1.0521494997095646, 0.6722263871065148, -0.22222728296982727, -0.5889094382689606, 0.6148983104780077, 0.9426996461188144, -0.896536300682955, -0.525291061897372, -1.0170295350138558, 0.6307058363454034, 0.7577579020831611, 0.5873130058551412, -0.4689890738052085, -1.4488238493510586, -1.3372942431519161, -0.1348322837605212, 1.072569269451739, 0.15740174927871464, 0.7518933488359696, 0.8464276421753248, -0.49734734683458315, 0.5790284829250908, 1.3194226226524328, 0.3220338546771434, -0.42319382743312045, -2.0842440942013813, 0.7976941310448088, 1.1779600862883033, -1.723229880292432, -0.7914229962820275, -0.08356616240260778, -0.12110581019835628, 0.5573659623881383, -0.15646139895164346, 1.9658466049631076, 0.07310399650707183, -2.2789409772096767, 0.033804841371472515, -1.1719558973420454, -0.37031041385691427, 0.23080600022933623, 0.244139156888602, 1.4153256548330801, 0.017447771861924127, -0.09768108223634166, 0.4411725653917989, 1.0944188548106162, 1.011555542934737, -2.5096708337202465, 2.275717474095293, 0.14826581264537417, -0.9001223439886704, 0.4556722639955648, 2.64011492366129, 0.8660935353399267, 0.11120845483030592, 1.2386286526247663, 0.34384228294808156, -0.9059642205145312, -0.30220613567855525, -0.19669184021586744, 0.41132064980990557, -0.23410595446776808, 0.685053695708316, 0.34158800429116454, 0.7596651814864606, -1.4207139298525913, -0.9022055923320947, -2.239594751407067, 1.563105125464423, 0.24858139447777855, -1.7966774930750709, -0.17117316706955427, -0.0775216337710919, -0.5393761075627277, 0.8063573729130348, 0.4778469829034856, 0.47076687454887656, 0.4584703386220478, 0.13713163705478856, 0.4390372668310247, 0.08685717902136664, -0.18047625122183245, 1.134393369179586, 0.19501734862865183, -0.03748262111622256, 0.9892952065550772, -0.19192381108562573, -0.3080879422377498, 0.25167432009374985, 0.2517313990272353, -0.07191755941005716, -0.7625221839198919, 0.8546453429011501, 0.44049063801380184, -0.7407841565704655, -0.6608814466083177, -1.2253412745647503, -1.646032235464617, -0.20511397498337916, 1.055958158688901, 0.44437661021407115, -1.4815305371186496, -1.0528930094215854, 0.6462300060163687, -1.0952572255241262, -1.1864904170800186, 0.41440108891582644, -0.7698365919090814, 0.5948437875911716, 0.8105848921645059, -0.8143915597094701, 1.832559517281694, 0.34399923074003813, -0.20736940548954075, -0.6365621966630729, -1.1232117668648762, -0.6723226197080183, 0.5667700971307689, -1.5406486693808485, 0.06178975629269914, 0.13840200056936794, -1.0976548810274318, 0.9554978621107838, -1.3078026300841497, -0.6827900154567057, -0.9154891933430985, 1.5655353664130958, -0.06485058356783487, -1.1487300338709214, -0.36701224770246704, -1.177243947326675, 0.5586313534017143, 0.26144009956671166, -0.9083018517290535, 0.5132002415011008, -0.48157574092638034, 0.6347348766513251, 0.029770954556931066, 0.7011304736958345, 0.5452592730535486, -0.06235744790633346, 0.11737509419540312, 2.08099210441307, -0.8558051485573789, -0.7891682393941462, -0.8528359994741781, -0.09836873359933758, 0.41408208829197113, 0.646355020071968, -0.1364192972945212, 0.6328743621699723, 1.6063302279392442, -0.003949798273805698, 0.10337399458734885, 2.43154360496695, 0.4370670536935322, 0.7570089766043688, 1.7739008624404489, 0.389529010698699, 0.4147628990328327, 0.9765386993153636, -0.37458714283414773, 1.6530734106270213, -2.2221814565299467, 1.0183581253051304, 1.9875925030948394, 0.5600604606517804, 1.4850755483152698, 0.8195359615671218, 1.3586118031602044, 1.2501248660421371, -0.028041967676544422, 0.7111320428132697, -0.2848728080193575, -1.0129218828754898, 0.20541308716342746, -0.2778775313043844, 0.9769555035060491, 0.49248885994647884, 1.1500805871283608, 0.27633220407620396, -0.4954387009246339, 0.8696971708588981, 0.09928645220366525, -0.5512344296053735, -0.14859614349707478, -0.9010969250851358, 0.35776095702973626, 0.14069932916578723, 1.5274381330716087, 0.519176928916615, 0.6876015155930575, 1.0263824653393618, -0.10594373981189935, 0.310930792366465, -0.5808135867560903, 0.8287406733220353, 0.16534586374644777, -0.14440100405783238, -0.16677571112684172, 1.6274393923215795, -0.4219642616124241, -0.8694294931136912, -0.12067097086690921, 0.25777164441137956, 0.1987507113317979, 1.4712968692889068, -0.18966007654863148, 0.35024691495225224, 0.0063292318574986505, -0.4837787205039751, 0.9131516088680156, 0.09935452250819862, -1.1723410880772067, -0.8333198601126781, -0.35940379110712123, 0.1366432907399421, 1.6829400751374635, 0.3117214708649237, -1.9340004469129848, -0.22405130617185487, -0.3739932351273678, -0.2995621479563255, -1.9001335900160938, -0.26935028494933255, 0.8746504534951965, 1.253757837183213, -1.6106746182000875, 1.5666694926549753, 2.6871007048182074, 0.8914454342417347, -0.4129744406987482, 0.7791373202067402, 0.856582982180267, 0.8796346517876878, -0.08220934831293988, 0.6008602374840298, -0.5817677844334671, 1.0879097070210477, 1.6866037528711297, -1.9600499868877663, 0.5472347134626866, 0.31328907659010596, 0.4096786475515706, -0.6540182179663209, 0.020800675568454437, -0.8482357545831741, 0.4863744442570203, -1.5336827521527228, -0.6140473034267528, 0.20716215590973178, -0.17857357013296152, 0.6583901837428283, 0.578414269689585, 1.1898195742177553, -0.12284456597076913, -0.39512205099266845, 1.1921032076089597, -0.03359336656403303, 0.2709128735592723, -0.603409927107236, -0.9203045963698411, 0.8372246913881238, -0.4894371219353147, 0.35565267017035496, 1.1030683472860283, -1.7495440224415821, 1.419552563263076, -0.3801826135502754, 2.0477626357273113, 0.7641471773707361, -0.5656324549079286, 0.8097223700651837, 1.3793920356540814, 2.857625592767336, 0.5165107655423411, 0.5683933834083068, 0.33165340040051444, 0.4099922884225378, -0.23467476786311872, 1.3209417480276229, 0.34535333902613224, 0.03655015962473699, 0.07029032540927477, -0.056629551450798926, 2.0865145346401035, -1.7480221051158387, 1.9322280304813575, 0.3492286261556454, 0.23346514103565652, -0.7911711829202843, 0.9439093722451435, -1.1510987894938662, -1.379723368834243, -2.27241841529331, -2.497191671254031, -0.8745122215407767, -0.917686845985478, -2.350151318114912, -1.9716171478624613, -0.9738360317859339, -1.612488728411899, 0.7860792226228764, 1.192928384496906, 1.5721698578290264, 0.2640537044773372, 1.223320592440972, -0.846727765421405, 0.23617287353873034, 0.5633069546432667, 1.1384907684042638, 0.33001582177102406, -0.5312312596859671, 0.7860792226228764, 0.2920078518737858, 0.15976966930090658, -0.13096568924068, 0.2502014374398723, -0.6697195565497295, -0.17959734872905259, 0.43792038657453436, 0.5673767259145056, 0.6761350177042839, 1.277801472831058, -1.0386872597905745, -1.2860268260477967, -0.14906714367517038, 1.1421502001127597, -1.9693450443314209, 0.29359872564175177, 1.3550998873727762, -0.288065540858459, 0.6219601963056257, -1.2737399778869174, -1.2312824110361604, -0.5172107911703222, -0.6759333269596031, -0.1385845423946207, -1.005881109741409, -0.6946298430804784, -1.135963717388148, -2.1567402369591733, -1.8030983387739876, -0.8751397207490046, -0.7593342110107667, -0.4943626499390124]","['v92', 'v7', 'v25', 'v67', 'v33', 'v32', 'v2', 'v35', 'v72', 'v98', 'v106', 'v1', 'v3', 'v4', 'v5', 'v6', 'v8', 'v9', 'v10', 'v11']","[np.float64(0.1504164432955211), np.float64(0.10409141021324507), np.float64(0.09322159537430383), np.float64(0.050785551386423655), np.float64(0.04816471816771217), np.float64(0.03779211365712543), np.float64(0.0359847199562859), np.float64(0.027415440961592777), np.float64(0.016753713095638494), np.float64(0.015196648364115557), np.float64(0.0023848427899973604), np.float64(0.0), np.float64(0.0), np.float64(0.0), np.float64(0.0), np.float64(0.0), np.float64(0.0), np.float64(0.0), np.float64(0.0), np.float64(0.0)]",2.816857225418253,2.9572709866387092,3.09300334734524,1.24258709647881,1.2291716679092246,1.351259269442139,1.3257965657678494,3.5706060381152653,3.7407593162163457,3.790257817473308,1.586342398793899,1.5753782052832104,1.730628988539909,1.5548246854132648,0.5131352812680532,0.580558588524271,0.5625091977059445,0.0555357034399178,0.03259276184139548,0.1356108895328412,0.09668861412759094,2.668499171868101,2.671468856807012,2.785325778994169,1.1396604858638752,1.1305155874152155,1.1923705426954865,1.2244519818591588,1.1923803431435984,1.2461521191148395,1.1474673665589272,0.5024604256237516,0.42518850394367047,0.6092008059838557,0.5338356116309408,0.7428112673089657,0.7502323590818158,0.7170966897106397,0.19665513629373596,0.1867738578406758,0.27151741846352534,0.23260575811547052,False
f818_b,f1014_b,"['97', '98', '99', '100', '101', '102']","['135', '136', '137', '138', '139', '140', '141']",f818,f1014,False,0,lasso_no_out_standard_k20_lda_nc2_sex_on,lasso,lda,,standard,20,2,13,6,7,True,0.9951664805412292,0.004833574872463942,0.9897598624229431,0.010240212082862854,0.5238365530967712,0.47616347670555115,-2.653219895252995,1.5174767730497056,-2.184720338188151,-1.5696149678207434,0.08128219202821618,0.0049021982719970785,"[-3.337987301569304, -2.7597206592741745, -2.7899412274012, -1.9769209120819116, -2.744556708428769, -2.31019256276261]","[2.188312490996985, 2.333248713647987, -0.2245554357176995, 1.5931528732172424, 2.537124975588119, 0.6775770205656004]","[-3.0703346872805564, -1.8337062544548277, -2.694123769454876, -2.2165116656662023, -1.8484039117324196, -1.842207860007153, -1.7877542187210202]","[-2.0927834844855724, -2.5474447536548146, -2.0073059793160133, -1.3872359208883398, -1.4834690982831806, -1.0672494519188438, -0.4018160861984392]","[1.0453271468303202, 0.17939346657856592, 1.0039124567219675, -1.4188269810441745, 1.0411478959103564, -0.11778352744201274, -0.5575036572466542, -1.4077523006535007, -1.857696119900053, -1.9924149360228895, -0.7739539147088746, -0.6704039868331586, -1.158570922788844, -0.650859076681648, -0.8198377571768989, 0.8584189373464801, -0.5252371892641564, -0.6824254141520459, -1.5173375735264694, -1.8450083499336005, -0.2234796805083803, -1.8183509111537586, -1.1340540990871033, 0.5249965954327509, -0.047827950726526625, -0.17583709518617036, -0.3038809864873989, -0.7539152566126457, 0.32874636674490815, 0.22480898902896682, -1.028701905973528, 0.8121102615858427, -0.5037893469232985, -1.173582387107015, -0.7993170876497946, -1.178554527507527, -0.346504464214885, -0.6285344854590118, 0.4996896645659085, -0.16694926618217065, 0.7425082575349489, 0.20706562496366088, -0.01858224710812432, -0.1331363385275516, -1.3604076972705612, -0.052827437388960966, -0.7289942489132529, -0.38775344067929535, 0.33886858898377764, -0.39019504438417607, -0.695847426791308, -0.0400316745228299, -0.2723724825609383, 1.371405175630858, -0.05029754566922663, 0.8097357257455098, 0.1321049702854977, -0.44523530153073726, -0.1438977226368771, -0.41170670470863674, 1.8248245252220991, 1.2393256418133372, -0.5927306001537419, 1.4289382104026416, 0.27758538250415493, 0.08590182134057966, -0.766819377700629, 0.6428693972317424, 0.4618272477329607, 0.4470152551737388, 0.6035379518391452, 1.512673499092186, 0.4543497521872238, -1.1040205408367871, -0.4815719254007551, -1.0648425978628595, -2.4026296897959893, -0.22828399989881532, -0.6213813750080369, -1.8303356224255225, -1.4206292486198058, -1.1761711070327439, -0.07958408610444215, -1.0736238259430275, 0.25746154196157645, -0.31859173944704, -1.5918696728806416, -0.08140057820626663, -1.2226497327067696, -1.2184260618560077, -1.8152319522881115, -1.4487025929900408, -1.6764130752572066, -1.3452843566613266, -0.16346912624570126, -0.7471439267869582, -0.5415985864183862, 1.5204066709657162, 1.7579066995503214, -1.490738290036962, -0.2170062064338498, 1.6961480657912054, 1.892461882268985, 0.8854416288312075, 0.21690044955224558, -0.7368864418374056, 1.0942444528563802, -1.0107883628736516, 1.0741577668122084, 1.4898487039887183, 0.7021720420547922, 1.4290264375718424, -0.0828147069487408, 0.8652858116501279, -0.012727393642190681, 0.6216960596739869, 0.5052409260159529, 1.108386266514952, -1.5154061228932367, 0.6122097638199646, 0.8915978952417577, 1.1248840661506352, 1.317475061252521, 0.5109293726353415, -0.6472268813161736, 0.9701358299117979, 0.6877708009896043, 1.4337793602010356, 0.44465732550115544, -1.40169762962888, 0.3453486544190104, 0.5981750036761505, 1.2583793836752062, 1.242419780785925, 1.5878249925342107, 1.2023099888149626, 0.07804241064026692, -1.222109789521781, 1.9699164403057983, -0.8047932689876531, -1.1539927272697785, -0.84653558896375, -0.5207164600625274, -0.5696922066507768, -0.5795512508128804, -1.399533490933459, -0.5665482057054191, -0.8063742731439643, 1.416028857865933, 0.5754247207341016, -0.34080291022184206, 0.6704286288081296, -0.02934266360388915, -0.1015145173846944, 0.35853208874682074, 1.0955167431723587, 0.9705574824187326, 1.3687063842651748, 0.16596194812846313, 0.43004095040113255, 1.1824527477408202, 0.013581389590675931, -0.10509209095527218, 0.16663130069300838, 1.3817380707261353, 0.594848864325363, -0.04533819023350727, 0.5656611860102003, -0.7015617997137767, 0.9316459618378582, -0.9615891280615353, 1.9861547154739851, 0.07343864740176477, 0.11572987141425185, -0.5960911945258514, 0.02289110861862644, -0.20145291607208105, -0.04590168922506678, -0.8524291279846267, 0.8889063341694547, 1.3806120970609272, -0.3715548621023742, 0.5547254415032015, 0.818448293147334, -0.9328725415446508, -0.22211506857394323, 0.8196823854638534, -0.5190437842328705, -1.2207502178557277, -1.192208169108463, -0.26033304817200276, -0.4566636637714457, 0.12723773797466925, -0.03480920289228152, -0.2942769444300581, -1.0627867949162477, -1.323039614943299, -0.2922013293202872, -0.7283921232106251, -1.6478372713663698, -0.9578757180906161, 0.26900559857110135, -1.2742036379825397, -0.6362527954530377, -0.8825665331548351, -0.2398106170383252, -0.502031765647309, -1.6588627866497292, 0.10006175256438157, 0.8501267002182217, 0.4480430438417531, 0.8464996338834619, 0.1299504313295728, 0.20351519412390315, -0.4963690126843458, -0.01927217434601772, 1.504535798634287, 0.40805584541920614, 0.04509827896511178, -1.7613862142337695, -0.48128468378205735, -0.6217620016606006, 1.3074458158148798, 1.7805443540166654, 0.28881806051836995, -0.13113597508114008, 1.0130178529974987, -0.5632229457367313, 1.0473148507250247, 0.9027724877786659, -1.14440277924076, 0.9862994811499685, 0.3043001110371352, 1.9629753241991368, -0.04871539022045553, 0.9817738262836211, -0.082124896974221, 0.6452046490651646, 1.2510050882327353, 2.1554450019719384, 1.3583696361961681, 0.041010413331707754, 0.8043749089504836, 1.4299567503267185, -0.5972680618306133, 2.0075117453001576, -0.5743372336252306, 0.38818757643535895, 1.234478450967231, 0.9239766034791856, 0.3355526424939629, 0.3098693230735021, 0.6322996242851898, 0.7898508657054923, 1.0909691499390983, 0.023773701170393142, 2.009887144481542, 2.230834585971488, 2.100087699899634, 3.4317178424979313, 1.7270064829628464, 0.6398068020503407, 1.5492934229174913, 1.752557921457397, 1.152773999444137, 2.0300432606766123, 0.3046138210660823, -0.4612989533900202, 0.13656992159714104, 0.4200423446168737, 0.2732839433877585, -0.14517503591567077, -0.13607609373644916, 0.5274320421539779, -0.8646838882695013, 1.217154400907259, -0.1373235214895416, 1.6262089068340573, 1.4529480650080868, 0.5331398382514567, -0.2546356837419308, 0.614266854504994, 1.3903732113981715, -0.20946334296373015, -0.36620697420690757, -1.4417128595019642, 0.9121208207011051, 1.588806742069941, -0.47811306932458253, -0.4040501224792196, -1.018502402785963, -0.5008815559557002, 1.630960784140907, 0.7901871745356951, 1.2657027260648694, 0.2771983722267769, -0.4155090658419448, 0.28869415271724275, 3.1730617886162076, 0.1964839966184841, -0.12094752511607072, 0.5396672040057319, -0.3182127781086088, -0.5800673744490447, -0.5524186516302234, 0.8928709744469838, -0.19914013078195977, -0.1099316186138183, 0.4355122650996345, 1.3074509529677771, -0.9450415302726027, 0.5917931018876755, -1.2639880890215403, -0.16492149351153654, -0.154350229049902, -0.5586709749951676, -0.6420674466243604, -0.9103599222688274, -1.8937462743050681, -1.34203466359581, 1.4270251296094192, -0.7835647884050657, -0.28816474758310245, -0.28557789155633584, 0.5093033023918224, -0.5271675562886559, -0.19753033111834845, 0.09475809789592102, 0.013035181818011646, 0.022260619715901892, 0.6041507513939033, 1.4087508901267973, 2.4162206480332555, 0.12100662986656496, 1.1151885875282819, 1.8091331901692236, 1.6312698138983146, 2.0766824691675105, 1.8351272970112635, 0.896813106958819, -1.651078055510901, -0.8766899874127605, -0.17211458148939485, -0.9180910887247044, -0.5082344716376783, 0.8676680671317923, 0.532081985833764, -0.15817509531973611, 1.4862935354035065, 1.0038789197060913, -0.13901286148563854, -1.651078055510901, -0.24194473411150652, 0.04739875303814472, 1.472830382906876, -0.724942757124726, 0.4115520697951708, 1.1394220796332042, 0.3400919311191457, 0.8375157767418931, -0.6828544310260134, 0.13565817200834213, 0.5081759168610971, -0.05333301763709936, 0.021286691463132983, 1.0176359977274574, 1.2295200915564048, 1.0124432199979403, 0.3578653266160969, -0.9596930678096874, -1.9301257373019844, -2.042298800726372, 1.125043599614772, -0.6985855219748178, -1.683313938041185, -1.1638223274622692, -0.7655809144971812, -1.309797658761338, -1.8517116010791907, -1.9555989711016235, -0.9723686693250271, -0.16265253114192676, -0.7222756157812188, 0.5939333959622811]","[1.0468581317787433, -0.48522632460871873, 0.16914623196329787, 1.1474082222941981, 1.7456946653981678, 0.26765625686359046, -1.545799763048545, 0.5566674162880272, -2.0740624618379737, -2.2847654377754743, -0.11056959025604834, 0.52720948398971, -1.1872789579589922, -1.2329906025756965, -1.473717346736996, 0.6181697680172143, -1.0346869806418235, -1.4759271328359134, -1.5048887195707439, -0.07798090841038016, -1.884977585715133, -0.01863759106828204, -1.2352204695890752, 0.4207887128570408, -3.0620704849716462, 1.322126046030184, -0.9391548910257115, -0.536181072788106, 0.22908076277542386, 0.03045586807376632, -0.6411284133957408, -0.2970521122494551, 1.0133547119659145, 0.27712418364263436, 0.4003653651506038, 0.4599418694301567, 0.052506981497432416, 0.7285882159547761, 0.20235785181342975, -0.32494140043395864, 0.19475860965959008, -0.9577794992284051, 0.7595850640465917, -0.9813467508800495, 0.0679457946951049, -0.13293539423829046, 0.5480548780921607, 0.9657415335664714, 0.1227814474989012, 0.7931355455215208, -1.3838225478756139, -1.0905870859996438, -0.1814139976229584, 0.8456762146445789, 0.01858991084737893, 0.8321971424974317, 0.7962994066920287, -0.31130478776324716, 1.0812175747866712, 0.5766838165274202, -0.4900023863805, 0.5335288128834631, -1.049186604585982, 0.9123975882126306, -0.054970389465738255, -0.5542843828493231, -0.4474851106368089, -2.105085675037134, 0.24819447579990414, 0.22660166008092678, -0.4732817988948287, 2.25796798882321, 0.5368545660840891, -1.331260988960367, -0.8277679048478097, 0.4272112348438728, -0.2711624292375633, -0.3771771985755375, 1.485481863780607, 1.7679858850863144, 0.27891125311498866, -0.7597126437302357, 1.2363315010213156, 0.538683313977883, 1.315460153671484, -0.31639534511549083, 1.68545322186822, 0.8032426417651092, -0.9115989656919391, 0.7479560688446486, 1.5455098300130001, -0.3667891395901024, 0.9731482540454629, 0.3362466260236223, 0.8505817504280663, 1.0322990388901545, -0.23647144129089906, -0.09163876246283086, 0.8195233426205197, 0.7554494430304699, 0.027019825923117573, 1.568903946632265, -0.40806558648904806, -0.20827771761446895, -0.3646201569413102, -1.857392113111636, 0.923550701181076, 0.628467841466482, -0.71216893242856, 0.14074867358849769, 0.140916412068863, -0.5661759630835546, 0.656376500264865, -0.40567344384424636, -0.11443069165885165, -0.9796831593359083, -1.2130811971237454, 0.3935721791852084, -0.1263412900838538, -0.8202342453706626, -0.6999922139058298, -0.4106638307754059, -0.7017080907930054, 0.34491844535399874, -0.9311968483353353, -0.5598739084449469, -0.684803207076743, -1.362273635940877, 0.6883419646241573, -1.173760991961272, 0.15130191491264477, -0.44029786685893413, -0.5068537787544084, -0.5624391973819893, -1.3513672711493783, 0.1494803720236379, -0.8197600553084805, 0.12948595891739154, -0.1582565582048566, 0.38182459857014517, -0.13528342516835315, -0.28201418470426914, 0.6073170718304626, -1.301207930040624, -0.44678447838134777, -1.6780918567419099, 0.7266679541971682, 0.9809056632637574, -0.04041920949603921, 0.9045374670198965, 0.1496093927096693, -0.5206552899492876, -0.9493835331829211, -0.9020323103593902, 0.39759471165015786, -0.7721691164878782, -2.221716310520779, 0.11585417855710187, -0.700009990705394, 0.6413171682732259, 1.4495225875445057, -0.22373992193967984, -1.2100583799842086, -0.950728411823798, 0.5177637681254323, 1.8940771388368907, -0.9147370372592275, 0.4877337197560862, -1.35392722145715, -0.14618747803208004, -0.7143084734430099, -0.967373394355044, 0.9387537768812011, -0.30609188133919796, 1.0198898337836566, -0.5512679233649944, -0.36250168248463355, 0.7984295415460806, -0.2968735145453133, 0.6453620882477505, -0.7722109763409014, -1.0368853396932542, -0.427632489408442, -0.7642108263121903, -1.0404299463756777, 0.2655425031731346, 0.5377167704638652, -0.779096775964273, -0.2641021323207104, 0.6829514469006246, -0.9945381725723715, 0.20241644889431024, 1.6189557712253526, 0.22475019706089663, 0.7039136174206093, 1.2789162754557504, 0.5301746097028162, 0.5668864180732778, -0.49879423213174745, -0.5670777952767746, 1.731420977673693, -1.4240792023159907, 0.6976945884038708, 1.438160097266762, 0.2658262191601383, 2.3918007289359537, -0.6873456209263092, 1.2147065516354991, 1.5018994147380458, -1.4468611233039992, -0.373687201338658, -0.714142629565735, -0.9420910447323182, -0.15400801019656613, -0.18250807890740808, 1.6823751479117537, 0.9350674522336938, -0.22509606721985162, -1.0451053647382822, -0.0669820265320729, 0.5625935684920242, 0.16664300154003325, -0.31980284387829216, 0.28936478969316665, -0.9595588001164304, -1.8571420864658723, -1.2835343830636137, -0.12052379305911914, 0.2088599298960105, -0.2819903236524241, 0.5803080972720565, 0.4369441919654041, 0.14806670057942956, 0.7521782499907496, -0.06119356710554775, 0.6296759248616933, 1.345224552047015, 0.8841657724363257, 0.1554627436806413, -1.269954023745208, -0.5942219846934563, 1.2584344675060977, 0.2872276594529771, 0.13975317264083575, 1.7166921023315131, 1.6435221958803201, -0.8334447801786147, 0.5132832950503002, 0.4295520233289932, 0.6540444285617897, -1.1221656822524833, -0.6218841370926208, -1.19362002836975, 0.6269120113608411, 0.3268515623190993, 1.733721590615541, 0.9012748034479723, 0.7888983314396034, -1.9323259166207005, -1.856659769927034, -1.3754080244496256, -0.14800110591140198, -0.028766120331660563, 0.4888803426298119, 0.5900019295026193, -1.36656461691667, 1.3862248719682508, 1.1621525479028416, 0.955927331636236, 0.8958488777361011, 0.7903491030159508, 1.4721031405700193, 1.29781056060184, -1.5886779743394923, 0.5130304325943288, -1.5676112107610796, 0.004444410876450245, 3.0417439024025206, -0.9600118669775308, -0.8830505754510221, -0.8705509391815753, -0.4180537604191594, 0.01927932511784394, 0.1823234026262062, -1.2351230714911652, -0.9718519284557054, -1.1215032106217508, 0.5030740686684066, -1.590948363954632, -1.6444783238968346, -0.4518544686689109, -0.9265159124322532, 1.2532390464464371, -0.3041554394231334, 0.4109342032442428, 0.3997931475429886, 0.18812139852772336, 1.3219023089634125, 0.5512293849058252, -0.5845270394597051, 1.0853746551382095, 0.8683447660077778, 0.4836659194106533, -0.2821961126222957, -2.242935524634345, 1.626870693671957, -0.7357628967807284, 0.6828278637231788, 1.0047383883404797, 0.680284317366986, 1.0528126003131657, 0.5559804845189693, 1.3867116562408315, 0.2415885274772831, 0.8036463731949673, -1.0836733923620792, 0.8606748454865036, 0.6379388706673726, 0.7891485336379764, 0.522605753292071, 0.8634906200261929, -0.681450229671322, 0.21768376641217524, 1.363813008408098, -0.329985208868058, 0.8592809901488345, 0.004481799901629627, 1.2685442674518956, 0.6642331957331852, 1.6750700958630589, 1.976504186881512, -2.3110070599626646, -3.586363455395533, -1.0182070140245074, -0.3856268424533882, -0.8506017784694605, -2.7016612968431066, -1.5479532212272318, -0.6276748128356971, -1.0548673653347933, 0.7980943537093251, 0.313070166507096, 1.3616921085074616, 0.5865725385566738, 0.4867138259254064, 0.2641042097876586, -0.7390353132992871, 1.0719506139842734, 1.8197942215159308, 1.196522472829544, 0.047216977667414284, 0.7980943537093251, 1.1687842285891672, 0.360716600142376, 1.1504267642930142, 0.9205302038467116, 0.617456480980536, 0.385886398874923, 0.657699693208, 2.820888280776749, 0.018995801425881205, -0.11752206341479825, 1.4217293858609201, -1.0553837106388197, 0.05008098656422791, 1.4768494817290574, -0.6693565792093064, 1.3073862736919177, 0.5502860520155185, 0.9039306173876, -0.6165099786643186, -0.5677659855241792, -0.35450639514952775, -0.14512689933806586, 0.4164123782950853, -0.9647241446779827, -2.044870851984052, -0.4618700712736053, -1.3179501738922654, -1.8290254975697853, -0.7208557836392411, -1.9778336901708984, -0.5373591278705205, 0.4514627433834892]","['v1', 'v35', 'v54', 'v3', 'v86', 'v16', 'v25', 'v32', 'v55', 'v85', 'v63', 'v80', 'v64', 'v9', 'v42', 'v88', 'v56', 'v98', 'v2', 'v4']","[np.float64(0.18296041127940033), np.float64(0.18200465544954256), np.float64(0.1161959602076771), np.float64(0.10580631438738765), np.float64(0.09241240676508526), np.float64(0.08926355868202218), np.float64(0.08371582789099025), np.float64(0.08295000240877887), np.float64(0.06478998761711381), np.float64(0.046198995914754695), np.float64(0.037171752815562675), np.float64(0.031390512306614195), np.float64(0.028251308041438356), np.float64(0.02339804952572772), np.float64(0.01790455970837632), np.float64(0.0012085038650541046), np.float64(0.000366692660926108), np.float64(5.337059463309809e-05), np.float64(0.0), np.float64(0.0)]",3.1224393111028586,3.208806059993553,3.391067759239144,1.5001705423814016,1.4855021666857222,1.1348319164562881,1.0833520313427074,3.555591297935293,3.7513563543211808,4.202027644094004,1.842021243050275,1.956226007267135,1.4334194635493345,1.4141772816350826,0.5847076787013654,0.561918950390899,0.6488754933687637,0.1001703333102654,0.0660949129005991,0.04547824217049481,0.03638558790520585,3.087091740870449,3.1092337815702664,3.240291858568122,1.3904757306812459,1.3610663894873922,1.010504147658192,0.9854198346899006,1.096838640921285,1.0861682996189752,1.1079500171027048,0.6241307682553965,0.6385720214008195,0.43141933492920514,0.38938211118655475,0.7271031232182549,0.6608673332807088,0.7242696620530575,0.23508763963325874,0.24884611137302737,0.19343224829944067,0.1778709322349987,False
f818_b,m239,"['97', '98', '99', '100', '101', '102']","['433', '434', '435', '436', '437', '438', '439', '440', '441']",f818,m239,False,0,lasso_no_out_standard_k20_lda_nc2_sex_on,lasso,lda,,standard,20,2,16,6,9,True,0.9951664805412292,0.004833574872463942,0.0005660388269461691,0.9994339346885681,0.5238365530967712,0.47616347670555115,-2.159013947472114,-2.4510895894353064,3.5011388527187512,-0.9716949514581237,-0.048323348931343935,0.06107237525972644,"[-2.6335759238973693, -0.7854472990868876, -2.0816568798013804, -2.790858158592294, -2.7917504523023275, -1.8707949711524259]","[-3.3858585611920113, -2.8941530585174022, -1.4699828266176957, -1.9299480180757358, -2.355829658820613, -2.670765413388379]","[3.167801950817864, 2.46773240057775, 3.9145809641719302, 4.126338154003583, 2.6218401739292854, 4.197814956001306, 4.23807897571044, 3.1233507432714345, 3.652711355985169]","[-0.5929754781667533, -2.681692792883421, -0.5996879969016963, -2.3101470783908726, -3.0654771613385097, 0.8947934032968379, -1.1923246891730193, -0.08559456828381672, 0.8878517987181367]","[-0.42501490206859066, 0.6566901988042013, -0.31966394307463447, -1.2006394321745377, -0.19084066331997776, -1.6821240217458138, -0.26712244116641554, -1.9605300835535004, -0.6783569473626841, -1.609979501720968, -0.37060099415430453, -0.8015578402803001, -1.9267976751180231, -1.1104737093663244, -0.8308299720974104, -1.013327041993155, -0.056996997830130236, -1.492779663236252, -0.34385057861819157, -0.5982957895371195, -1.7255538053563633, 0.8333395410235979, -0.5985805248524876, -0.07893201858359268, -1.0092065972383284, -0.7813905574135671, -0.5639763836236815, 1.0445848466421055, 0.5001754837693496, 0.3695532612783893, 0.4110226047528377, 0.5024683336878917, -0.9993079586778819, -1.0642483586803708, -1.209195901565, -0.45487403372560464, 0.03516678625150972, -0.614173317790764, 0.21374735230877737, -0.41961597769684644, -0.04835769417500252, -0.6082871523085962, -1.12796838442917, -0.9087527062547072, -0.5259097903660352, 0.38056090288865707, -0.22853022080269966, -1.7345572899536004, 0.38859204429391336, -0.8475211078647299, 0.26478184790066217, 0.5285420445937261, -1.472401105228787, -0.17817002497367973, -1.0232257412854193, 0.6888188638264947, 0.11338956328916973, -0.24821580823312145, -0.5888867493442596, -2.333046996143154, 1.5914942832744285, 0.3551562243338663, 0.33633302034931617, 0.09574120863189504, 0.6623888730747565, 0.2003705205315299, -0.2227339383531102, 0.6884045937070082, -0.1808123278595133, -0.12416315563515971, -1.0289178463516, -0.2806044574375152, -1.5676870992911986, -1.356038048840015, -0.44277619990945893, -0.30182021481718657, -0.6738906271657245, -1.0832240364078325, -0.703329501363001, -1.4890934604642612, -2.3857293097144536, -1.7378228031812937, 0.13374026348622003, -1.8473438178293535, -0.8658871665949911, -0.6980132244637486, -1.5185539515865156, -0.8343945829058863, -1.6551508474887688, -1.9720184580558708, -2.0981225853070056, -1.726871366261744, -1.8697790517455073, -1.7962688117780805, -1.5802905687733202, -1.54692850770551, -0.567170321230456, 0.31233297861871406, 1.4108190282180748, -1.2665052920856918, -0.8875030095830626, 1.2105725747268732, -0.01823317639905175, 0.4369123426837966, 0.4759144808129121, 2.3534823004201293, -0.9544577116616633, -0.8657483138803185, 0.7816072137045632, 1.7089195062459719, 0.2933518861865106, 1.6507621465374136, 0.42613666980380194, 0.953593041355794, 0.04100530299661691, -0.4513790976509735, -0.05712756033465847, 0.7604415283969574, -1.1782422356025875, 0.20169846008149608, 0.7706592678530868, 0.9219819303454316, 0.51193971317862, 0.8009665277460143, -1.8471561959380256, 2.1030069478493005, 0.40632804891654023, 0.24203774932183994, -0.40170272473881186, -0.5075004094411857, 0.9148791029092629, 0.38509095607847915, 0.33614314853557836, 1.4129512776888888, 1.5289227713694886, 1.5132707992045704, -0.09738964885756118, -0.18944491268559105, 0.568919905320644, -0.5621378814542256, -0.5182556484133852, -1.638888775429749, -0.7434396036027365, -0.6719909032896022, -0.7056727022114657, -2.1093176950322006, -1.1809652511640283, -1.229108792363595, -0.720057236030395, -1.4460004581145105, -1.620879215986222, 0.15972876437253808, 1.0447272109256622, 0.4544617101035209, -0.08075187800594388, -0.20463973928390455, -0.5556987026578688, -0.7764282162463028, 0.027004379694537367, 0.40653331026811224, 0.8869774303350785, -0.2723448839213341, 0.5125789788470454, 0.05618861064685528, -0.9426223430011621, -0.3152925257582826, 0.06456474396127643, 0.1325712257187956, 0.08786320232738068, 0.04535254026877929, -1.0305690462924018, 0.9729577857845632, -0.9261340166992803, -0.2736142856412748, -0.44910901605021547, -0.7404927197075322, -1.059608084605902, -0.3525569651167182, 0.5870769904146411, -0.39666234897869607, -0.13049491751142978, -0.40259193857840625, 0.43757991655766987, 0.39852244595392006, -1.3925235763899244, -1.5134750338512237, 0.25879968143634546, -0.36386497289079944, 0.5194790964669009, -0.15034105102057851, 0.5364294104356, 0.10083845012687304, 0.7446577257624457, 0.19957932566418587, -0.14382648896274372, -0.1293684293904903, -1.0494026657069235, 1.2713228481341283, -0.3487617257696805, 0.7875843028505076, 0.6432232787375081, -0.02102409109292392, 0.04359393723725228, 0.5745805364528945, -0.4245691485582916, 0.30420595103384934, -0.5234721216011802, 0.4199647435491595, -0.10297506477444929, -0.6644462219186044, 1.2016781982154963, 0.2773900868855664, 1.5763429933633102, 0.27470107231827434, 0.6495216496263957, 1.2892649011368522, 1.1736645399633117, 1.4107632924380387, -0.47246431404536404, 0.3318365138207264, 0.2694023910572682, 0.328065415795077, 0.2790632309962826, 0.7833319494012897, 1.3784128590798732, 0.36470484324755587, 1.0102213714183397, -0.22267985854807754, 0.8903349099608888, 0.36134847790880514, 1.6176756110516832, 0.48780049116826973, 0.528642161101457, 0.7269278236965826, -0.591908286342957, 0.6232079523894498, 0.22573706095912888, 0.8857289120361294, 1.125315547949942, 2.815731415413941, 2.3722243586995875, 1.0071348339505792, 1.3201575571733535, 2.798217024283454, 1.8680301270701434, 2.2066509564859813, 0.6575345667761863, 1.129857454670784, 0.6882463150324133, 1.8496337339122073, 0.1820857937422525, 2.7972494952080393, 2.433334802280228, 1.561170189217335, 1.2420007711956615, -1.5675200911248386, 0.8188834778078934, 2.6447335765254185, 1.4631781717900492, 1.681566162574959, 0.8387570868583215, 1.584614490574077, 1.6904940097884693, 0.9551032960997914, 0.44002779730399116, 2.097208880005418, 0.663053673381369, -0.8244832118505049, 1.1348917782415253, 0.22128282720134446, -0.36777931136727154, -0.2928561963950338, 0.24651307248084633, 1.5244783704073175, -0.47287987147707117, 0.9665417683247859, -1.1561099657696103, 0.12641141358894267, -0.7671177334274857, -0.6084758976556743, -0.7450119144896862, -0.002429665376274862, 1.0820209678020392, -0.22890470665461, -0.14210790642411175, -2.0492022825736687, 0.380776697652649, 0.13859182871493078, -0.5723021227077404, 0.0495287029840335, 0.15032066207760839, -0.7445083782920955, 1.0095987097001047, 0.5464611066422481, 0.5404240143794183, 0.04550766360029791, -0.5057262989868545, -0.5763508712225305, 1.5553688493954518, 0.39297368828819584, -1.7748961270651513, -0.284582196257791, -0.21949981059096646, -0.6247504099720752, -0.3812641065012243, 0.6317594126602939, -0.33405542866339827, -0.81955298774008, -0.10849369869348607, -0.1414140520951495, 0.12034643248346706, 0.13122161025903492, -0.6566632209926584, -0.5260939086633443, -0.6501503097308557, -0.6481400870341519, -0.7990927410472451, -0.5690332948481831, -1.2370103807716388, 0.2119022965146568, 0.1264723035763844, 0.5640122786836326, 0.6499385280677812, -1.4299745544980846, 0.38195862139205405, 0.18940147069466534, 0.4017641451490566, 0.1592632975461889, 0.7741124609244358, -0.6554452300428144, 0.29778710779807593, 3.0927774370698433, 2.598664698985648, 1.3142558291609379, 0.24726834263290534, 0.23449586298192163, 1.0692355663423387, 1.2167361286018847, 1.7458377014006825, 0.4738835679866201, -0.866435061575107, -1.0618692279352986, -0.9387259258988685, 0.5183986078034599, -0.5921129360783752, -0.9381712327725528, -0.44227315572566067, -0.22692216362269713, 2.155717819004646, 1.0864467650715157, 0.19927244947048492, -0.866435061575107, -0.2140094242344194, -0.1454853170668449, 0.367558145474551, -0.5570946023973922, 0.3823496640342421, 0.09216920654518664, -0.576736807550948, -0.4270401450860274, -0.35471242627627864, -0.5959829346147099, -0.27118862637934166, 0.03850696491280951, -0.4314647591240443, -0.45926975400090486, 0.6992597839956333, -0.07985056478150646, -0.16972908651277865, -0.39862152085822417, -1.7004690679650942, -1.6547690217747395, 0.21766562838106937, -1.6926801636792892, -1.0869899847084976, -1.057228854763835, -1.882211369290195, -2.168581196320361, -1.737016633592728, -0.9425185350666276, -1.6366114254122812, -0.45379875989540064, -0.41382184536193706, -0.19829093813005763]","[-0.3040940423803906, -0.25439956126872665, 1.5006886637058374, -0.5381223660869445, 1.7415947008895296, -0.9877534403000943, -0.7276665331392602, -0.481187988483109, 0.49720262379861724, 0.7605615006468037, 1.2478330257625017, 1.018517144346895, 0.08046746827831074, 0.7996981762829862, 0.3445059102981854, 0.07086601920895398, 0.8106611166719011, 2.048436612808811, -0.7679658116697546, -1.972972938392121, 0.5814401276413609, -1.4303187898720677, -1.038540485209737, 1.1290541792487974, 1.724294474155501, 0.1674817881033869, 0.6929457782884285, -0.48011464948719823, 1.100738814904168, -0.30938878423582444, -1.0711842341801887, 1.608522922380351, -0.2278352456461703, -0.6672097842342669, -0.3440061456024744, -0.5784987409914891, -1.0131355141900964, -0.35032588158907857, -0.7645470189062004, 0.9627124011966119, 0.5787169709230248, 0.6110399525650685, 0.22445931128136343, 1.104568833209273, -0.20087875558189403, 0.7622171616444109, -1.8536751923878567, 0.4767188578479806, 0.6154950442403235, 0.8476537337451463, 0.021249403342243865, 0.17923342065900452, 2.035822521236238, -0.7047649184750813, 0.23673383698208583, -1.2791667941999478, 0.5674049023368758, 0.8621070189758911, -0.9010792954063125, 1.298065445334526, -0.16102483267709547, 0.6373688167612709, -0.4252729772271924, -0.4681658663514571, -0.9500137574598188, 0.7871550690267671, 0.6176313909370804, 0.016337968854492447, 1.6096939264922707, 0.4305749560576018, 0.9028049458115293, 1.4918959220068129, 1.4977757123937838, 0.40443083309785155, -0.49149381403424214, -0.34443297151827484, -0.47874481796462265, 0.8381680379056065, -1.7715975785523197, -2.5532345155596765, -0.6885318572140346, -0.5365226509915081, -1.2896152256814086, -0.665006831439388, 0.009311226787955472, 1.2607686916793865, -1.935167049916645, -0.1828366936273705, 1.454641298771896, 1.2409597751922166, -0.7905932176141981, -0.7447545320461989, -0.09869913397843928, -1.5132053410164095, 0.5633553001933568, 0.3077736293496312, -0.7464475768771908, -0.4497035103404868, -0.03343763434331341, -0.17084055687670777, -0.9784608936679623, 0.795449677593382, 2.154567243088648, 0.5888988150913788, 1.1287041247363827, 0.26869600283244355, 0.185416782144858, -0.5721471998816985, 2.121221072977473, 0.37415195030004056, -0.11393367089144647, 0.3857145970487149, -0.06541623165796098, 0.2729619104184231, -1.3130157252032566, 0.11389890928688118, 0.10183582541765086, -0.924202526822352, -0.5363232121792231, -1.1093351882804383, -0.14822699450229412, 0.48283733720465233, 0.7717245468612185, -0.5364037595783256, 0.3161343341672907, -0.21957201953353084, 0.9965602516659021, 1.1463003424806142, 1.022073899861154, -1.5681910924964808, -1.0102609710865322, 0.5115188348637679, 1.178930539672725, -0.8116216343324268, -0.344142095891629, 0.5479545916191463, -1.0667489763804363, -1.3587877426409285, 0.25783316503823667, -0.5188339241600161, 0.23103421426324833, 0.32611744814004445, -0.06508304431319002, -1.7947700015753452, -1.2913649469400175, -0.345365433995111, -0.9900627074550185, -1.5831525270567766, 2.4041375219430723, 1.7782486808164157, 0.1311347186081585, 0.06685130866605388, -0.5565506773970641, -0.8997211950154784, 1.08959817732552, 0.7874408535737489, 1.6659886324054118, 1.1444791136040595, -0.24805251864042174, -0.24104673457688192, -0.5657352944296314, -0.1793016134483904, -0.09370307728893933, 1.1876546581152068, 1.715392244417328, 0.1965925125607773, 0.021428815496198333, 0.1993613554943096, -0.3238044990004102, 0.03295037830517848, -0.7723525624741253, 0.9337101853563436, 0.5978499133103801, -1.273358598298348, 0.5912570204451383, 1.1831017768618155, 0.22745303308710632, 0.1650639616113412, -1.3826664180332302, 1.201849407877984, -0.5442317622257669, -0.1891266596734995, 0.4468842876520135, 0.9427837776693943, 0.06655045691372934, -0.7956446410709045, 0.18979425701344077, 0.10527328486248255, -1.1259522737721956, -1.425103166087617, 0.43327328003332416, -0.45309023207913146, -1.3687477819069682, -0.8217737944278181, -1.7551747963994866, -1.3730081261265343, 0.15561890493961417, -1.0407504614303356, -0.04809685367862458, -2.0670950803516046, -1.6733802004134697, 0.6900033704065495, -0.4432349113746697, -1.3773846559055267, -0.3304692536342785, -1.270291935415685, -1.4386602819701497, -1.9581183749084259, -0.35913487018016366, 0.5355167836495555, -1.104719297645867, -0.6721515847636799, -0.3180299149779679, -1.5409168296979459, 0.26711830191417524, -0.5997063891552663, 0.1558335263318305, 0.5561350953973019, 0.6542683142566033, -1.3488891997783374, -0.8164477203419558, 0.11257871443285725, 1.7064810600958054, 0.7530453430819529, 0.3979456114912137, -0.4168698772880517, -0.8077389071147205, -1.543732023936996, -0.7112908094202033, -0.2611960093655783, -2.649822417278126, 1.4079658912266442, -0.15430663993638347, 0.8180586892074593, 0.13045474867667736, 0.7290372173967924, -0.031064588530856953, 1.5038386107690052, -0.0032623712220695034, 1.7183207209946807, 0.13181454830651307, -0.4770717782162078, -0.22648113174095902, -0.1236349298473478, -1.5303367405268782, -0.09628528152816668, 0.6123937712019537, -0.5145979573864716, -0.22163103364537529, -0.8159104463561936, 0.8259131000463299, -1.67658084983104, -0.6834469414046157, 0.3054180558896445, -0.017085279428033746, -1.0244417996256014, -0.4193040660840014, 2.5367177310876863, 0.8885722153858482, 3.075862840199501, 1.2342362887560259, -0.48967959658309457, 1.932160350254121, 0.08252466308361735, -0.26981222611103245, 1.9006060264151334, -0.950719287917887, 0.5840782313189986, -0.0570139372734268, 0.9895345748575125, -0.3171891292439074, -0.40885531270571496, -0.685478064859966, 0.05860285652575736, -0.6861343588744039, -0.5174039157403835, 1.1910589650896262, 0.38655625295429163, 1.0869500805651373, 0.5017872659366651, 0.5433530505167413, 0.4999779458114572, 0.23825653303098854, -0.6762323564073434, -0.49989664806881834, -1.037279350708398, 1.1414394624368136, 1.179564196980521, -1.084249315400697, -1.7561702183009276, -2.330260145017684, -0.055980029780535207, 1.5092606360381413, -0.03174593585332711, 1.066926798444019, 0.5388842501446698, 1.6606890392669473, 1.0704957288581631, -1.1378026571305222, 0.6984984113921333, 1.3910731409118322, 0.9627459692552769, 0.34852837522463165, -0.2282189020904382, 0.46159451715590694, 0.4406590416823196, 0.07213523347205433, 0.4947074484479201, 0.4785216621881932, 0.8507253157524328, 0.38879281892133216, 1.3511030965585147, -1.6957621220613477, 0.9788978645415327, -0.14921300251851233, 0.22219601181818913, 0.06316691086455428, 1.1915931810866203, -1.3815762426771088, -0.4744583827403818, 0.5513016631248215, -1.568050957009227, -0.5904141698696707, 0.7101091573329341, 1.4364182106106482, -0.44407321647866643, 0.8649101712487779, 1.1050448437763378, 0.20790423618104115, -0.32259770952193967, -0.9732788701369807, -0.018541623494503823, 0.7431836084744967, 0.11773524201259815, 0.2975545095725582, 0.46537313368498534, 3.290766234765036, 1.839055610253015, 1.0736565456156895, 0.04299490325647756, -1.1404554992916187, -1.28321296108351, -0.17216920109990233, -1.1520659145450185, -0.10195271429563779, 2.872284662963579, -0.33602348588264863, -1.0141440551837155, -0.8258939777544637, -0.7074359049788626, -0.0115903229715827, -1.1404554992916187, -0.48063557308917393, 1.0827551911094035, 0.33537708529372906, -0.6244607737257596, 1.3970110881568736, 1.5140120520856248, -0.18111939595062382, 0.6614218870677399, -0.770181986630249, 1.856435525289204, 2.513891782321389, -0.17073583753688476, -0.10965396879272228, -0.019161175784355933, -1.0464271873450417, 1.186680576761068, 0.6292762120513842, 0.2868382113385902, 0.029941195264747863, 0.22627937950531432, 1.8086871217537672, 0.9387440775939908, 0.2899615698734785, 1.1515519016976061, 0.7594771761324056, -0.8140707398050236, 0.6003264534791626, -0.6289452551819184, 1.2509539017762268, -0.414356065060084, -0.5297509853355402, -0.5956151210456878]","['v1', 'v97', 'v59', 'v117', 'v3', 'v56', 'v38', 'v12', 'v13', 'v88', 'v30', 'v91', 'v2', 'v4', 'v5', 'v6', 'v7', 'v8', 'v9', 'v10']","[np.float64(0.09402126286234208), np.float64(0.051948020704808466), np.float64(0.033319258874207155), np.float64(0.024664410907373913), np.float64(0.02242677320012141), np.float64(0.018836636182514688), np.float64(0.014392184010735519), np.float64(0.009456737456432862), np.float64(0.009189104338387315), np.float64(0.001853033098759609), np.float64(0.0017827844582020288), np.float64(0.0015881464077934107), np.float64(0.0), np.float64(0.0), np.float64(0.0), np.float64(0.0), np.float64(0.0), np.float64(0.0), np.float64(0.0), np.float64(0.0)]",5.850293857267695,6.029552803182106,6.1976550770900465,1.371648643356154,1.181239468558268,2.042783753601029,1.8880570219770236,7.139547438168048,7.418336897352947,7.438355966219718,1.7420369280838088,1.5959404047038646,2.564457485896201,2.3888049748344837,1.4362293663119994,1.4011380269697171,1.4578017108161956,0.07027581714671559,0.04606715385938076,0.15195728806827322,0.08268309867734996,5.660152800190865,5.660152800190864,5.7933769050197945,1.2397791787601777,1.0853476720655384,1.8789420662649894,1.7138153408566479,1.4322196212768405,1.5337386578578889,1.527900004091968,0.42000027797348,0.358390722303086,0.8158730811622666,0.9376557039261478,1.4983595215962844,1.8396959154612147,1.590659027535754,0.19480820508237812,0.17442352586790077,0.28365105342128627,0.26933010683475667,False
f818_b,f520_a,"['97', '98', '99', '100', '101', '102']","['458', '460', '462', '464', '466', '468', '470', '472']",f818,f520,False,0,lasso_no_out_standard_k20_lda_nc2_sex_on,lasso,lda,,standard,20,2,17,6,8,True,0.9951664805412292,0.004833574872463942,0.9979768395423889,0.0020231876987963915,0.5238365530967712,0.47616347670555115,1.1877634746957217,2.545318126387177,-3.0908173050426377,0.6949871550286169,0.04583322289626757,-0.05424949478789551,"[1.7984584975697935, 0.2990134832846982, 1.6274056096934417, 1.74227659601795, 1.3748290092841378, 0.2845976523243089]","[3.1478069277400333, 2.516492276654728, 2.523758346596741, 2.0430364401736782, 2.8042171640632976, 2.236597603094586]","[-2.5983061550387845, -2.5105839610793317, -2.044690266244389, -3.3451126679227365, -4.391803811036382, -3.2627969647449007, -4.311061671162963, -2.2621829431116156]","[0.8332087614010469, 1.2537544017584317, 0.855852259033028, -0.4019917308608227, 0.5922875528486393, 1.0328344876032027, 1.3106206411395869, 0.08333086730582243]","[0.022082565856980686, -1.4768116571212357, -0.7751767416639539, -0.8576154115994542, -0.7443374213270819, 1.4474756587859794, -0.03585996177646342, 0.425683871347524, -0.2822463821398835, 1.133256616531758, -0.4707590300519344, -0.11240346606933481, 0.0333785439440763, -0.3038739711579931, 0.6196356627901377, -1.4282058883696072, 0.3246778352491519, 1.1495807748011, 0.7485357749200975, 0.40010429634286065, 0.3399609655381057, 1.0465505019010803, 1.0696990089502711, 0.21065616748219376, 2.3194941968205103, 0.12449382765308123, 1.0270200697669574, -1.1449831484062973, -0.46381662786559125, 0.2071395417179565, -1.0213057989522318, -1.739137216371947, -1.6317612667747927, 0.5475187214713374, -0.8392779324651506, 0.41349837606664236, -1.0426898551725527, -1.2039886484680633, -0.941866346155584, -0.4181105860988507, 0.2336954737819893, -0.42774391448384946, 0.3105701611630836, 0.7729972160413355, 0.2485408130504637, -0.5736353556430158, -0.7573257169282365, -0.19382667083413185, -0.9265153807280669, 0.30850320686206834, 0.10129197118677105, 0.5429467176049784, -0.09966725741780379, -2.1848453793551927, 0.7692416173878871, 0.002547938113753296, 0.2659429957030731, 0.2825707634482804, 1.8329890398246063, 1.6831592890769491, -1.1881518692448245, -0.003895334177608477, -1.2148495134668844, 0.26061182000749367, 1.1097648150302468, 1.3789239481572302, 1.9976935559621258, 0.6268998156551698, 0.7761543586500179, 2.10800160775456, 0.9971186632763946, -0.2708997147834614, 0.35690833777141084, 1.5739443131287263, 0.5871461797066165, -1.7840408348934802, 1.3026562960461419, -0.14920116247894608, -1.3153934553179483, 1.255899038854651, 0.45297756686625784, 0.3468663437417554, -0.5846412960223734, 0.36235540759360246, -0.41040216479761316, 0.2680140778545247, -0.08037015217094011, -0.10625894336716271, -0.5159203337519093, -0.9024126652400039, -0.04194152128218605, 0.7632406276681395, 1.2109123050331445, 0.27677633874080637, -0.13518999968394785, 0.7748921524597986, 1.656579272781327, 1.4531702410926666, 0.835538380082319, 1.806543029054126, 1.6942394004326589, -0.8956218006491169, 0.37498481927861205, -0.04075788705134328, -1.4482867191977176, 0.11677280792756198, 1.1614773218233532, -0.8653786781665732, 0.3702527698770305, 0.4082706860902902, 1.8870590915738643, 0.9901352835638597, -0.059994273776566895, 0.08062905374244551, 1.0013884887809457, 0.4605960349162735, -0.14603162803258068, -0.8123553301171496, -0.821807529635842, 1.3450624535515305, 0.15032174735324413, -0.9851730371600033, 0.2443148257419794, -0.9552663122585137, -0.7006813708339368, -0.957964834250964, 0.4245940176768123, 0.18288788367178715, 1.7084335661644752, 0.6769067829872917, 0.20171490644840145, -0.7721608429635245, -0.11313468499336947, 0.9325934057486444, -1.6343135092230001, 1.0988510357262975, -0.45159575986300066, -0.6968103219509967, 0.1856365229543111, 0.5767738795550748, 0.39022923233439366, 1.3846940474178608, 1.676504426649918, 1.4538597429839588, -1.8406728144688256, 0.5507372115562653, 1.0545790298010493, 2.623461147544299, -0.10929668988178856, -0.2780752595380952, -0.2728910383736981, -1.2100519044129558, -0.44720176021702507, 0.01378475571040886, -1.392507885511682, 0.005827029176139897, -1.9622099218776856, 0.4793160832230694, 0.4479716443126196, 0.4862713134709764, -0.9382791040480469, -1.5468138268947171, 0.2940818131943359, 0.3541075998372444, -1.1799954693305788, -0.8228855520152993, -0.8442688540500186, -1.9553260213550174, -1.3916794676032174, 0.4036040067110532, 0.4209051285895628, 2.2019285259657146, 0.08499951158551428, 1.0568039877264668, -0.3091621178364021, -0.3941487753037938, 0.79587242266009, 0.2585721658564797, 0.27471157599823226, 0.2891035212341169, 0.48463082365366195, 0.6551811368496974, 1.39190537131102, -0.6599465682412291, -0.4141790196384459, 1.6633765542516277, 0.08569302037139567, 1.6995298517810586, 1.006215179122152, 1.3994221976425911, 0.8012681887164171, 0.31834843111043337, -0.8589714370665036, 0.5644548914203957, 0.4677547811125985, 0.8409184082203217, 2.2882381643290954, -0.4582372365905595, -0.06619935790441187, 0.26714450111644716, 1.1090064234656534, 0.22231010959878283, 0.2707838473189779, 0.6954034317855883, 0.5801884554387664, 0.10951390785609365, 0.8608223571893755, 1.6990829823542422, 0.8150301789996244, 1.4244648168646645, -0.46322085138574554, 2.2342207923634008, 0.2639069624994398, 1.523365580709344, -0.9818546644688249, 0.1249680462828873, 1.2400543401549817, -0.10548740166248362, 1.2342639746420923, -0.0662377506622168, 0.39375110847561134, -1.0536526534648913, -0.42721152395961515, -0.17167338578946126, 0.5766191287038734, -0.7924218298803009, -0.8562150336729538, 0.35598066891991875, -1.4015849839618093, -1.8867868761887157, 1.065560389960293, -1.7213045037047545, -1.0484972423296355, 0.17978901360564986, -0.6143320360033909, -1.1604409644649525, -1.8065216998077653, 1.0167384273045563, -1.5344820217704886, -1.256710400678143, -2.2433800311338272, -1.1534399712892576, -0.7811368424814312, -3.6594129141021656, 0.028967912768943633, -1.1529240911085157, 0.4233549995081829, -0.7657501385492367, -0.46139561419745995, -1.856188963274197, 0.7834789305598091, 0.038445579046023935, -2.3833043312577775, -2.9112841474235154, -1.5296870142412473, 0.7576310318190049, 0.060181008968339424, -1.1325212469957557, 0.2179134604945074, -0.998370278270096, -0.016727902737627965, -0.3338688372900522, -0.43141954193953297, -1.0142406599876062, -1.864663394690544, 0.28556604069572405, -1.1810468110816112, -0.2731605357240955, -1.2826380015818035, -0.35397162772459606, -2.0171785660511232, -0.49864765046095516, 0.29139346221014806, -0.34119994566559075, 1.3750669044761805, -0.7084323238817888, -0.5512769812772017, -1.4946163370266357, -0.22782010760258775, 0.2509080403877648, 0.9451843493515725, -1.0989804724873644, 0.6823566918703049, 1.0971125624146076, 1.6678772391214873, 0.060507727883603785, -0.07167269298431325, 1.6403007880637535, 0.09302570474581967, 0.7546209297801438, 1.1473210026069196, -0.11759617557102287, -0.36624279118489117, 1.481423879571946, 0.675215813399606, 0.44652294244219487, -0.3546517008126256, 0.05332194563429989, -0.7228067593467554, -1.0178572523140614, 0.08961857428122212, 0.37954766025067804, 0.256059986361176, -0.1316266427373936, 1.7298180275110295, -2.1650941870112272, 2.1796950194099094, -1.4175113243653064, -0.09216956680650334, 0.29752173140651655, 0.1413164170853093, 0.2677532804892026, 0.6878954147555105, -1.5324256139027752, -0.0306574880574447, -0.4460990271429264, 0.8058993099267046, -0.6742197171804342, 0.06616562074288967, 0.2042595013527938, -0.16936599920143983, 0.08531736128897593, -0.5614660136323495, -1.5686880136913333, -0.990287762290662, -0.4327929938643054, -0.48263202440493547, -1.4525343364855747, -1.0738752189431466, 0.19561783183377218, 0.5230210678209077, 0.6528291888368473, -0.5736141554455166, 0.17080246163803445, -0.7643603647651251, 1.1480716438947962, 0.5027778858449004, 0.11125733915962312, -0.47027648648760145, 0.6202706581699371, 1.6135584206700178, 1.3870550107712902, 1.7503283633363214, 0.9243354668211444, 1.1088468650785126, 0.151546074499059, -1.1387879102129654, 1.0453808417594974, -0.381562385313708, 0.423582681376479, 2.244269289502259, 1.6135584206700178, -1.2164181937382066, -1.2707560115199164, -0.5186170343672855, 0.8469611989511524, -0.5326042642155202, -1.2053938305710257, 0.31668601024603615, -0.422025125484629, -0.16198125404179095, -0.5076573844450322, 1.2179447738741345, -0.19849539960632723, -0.2663589838717982, -0.9567744248188402, -1.1474094699804294, 0.5715930997336934, -0.5587243802819364, -1.4566530338227688, 0.0008106086708981822, -0.21467727937308229, 0.8212378089105411, 0.7059658150202398, 0.4599385136114614, 0.1962839375409244, 0.5154197515108655, 1.9874876057480921, 0.22377664086740923, 1.9220711153646861, 1.4930400184969943, 0.5361735413759008, 0.2666895526847438, 0.58587578245928]","[0.6030013850111337, 0.3503639995976941, -0.2534879420558611, 0.44589376760286425, -0.49546457603661526, -0.25272654729138194, -0.03342632939033285, 0.4840263861791539, 1.0090482861193881, 0.4590707046350536, -0.8848989035697488, 0.20450160990643043, 0.6865340238631251, -1.1288962650372234, -0.057853706752014865, -0.09192656723456123, 0.24968576205299597, 0.25125853966952993, 1.5036723502453984, 1.216337132034303, -0.24310803328296401, 1.20365468189839, 0.6824377913225892, -1.006783334794057, -1.243062557166671, 0.6856025373368273, 0.43450065291359613, 1.2939330001872758, -0.03305903414643384, 0.4573696552883099, 1.5718659340825465, -0.4180545967790548, 1.0631541601874817, -0.6452514055117581, 0.9835200473325019, 1.4256283286025955, 0.6633855094413891, 1.5873525635524943, 0.7398125803320752, -0.4660521005356795, -0.17239223583046864, 0.7092621275209134, 0.6205743645275169, 0.28609558612899616, 0.7925386073227394, 0.07013700608488072, 1.9034005771743165, 1.066284564195417, 0.5637923705986647, 0.9528851984441294, -0.5265397050672476, -0.3984055647847638, 0.2571709646359959, -0.5455731495838452, -0.15439595631622877, -0.05991616645762245, -0.11653081896204527, -0.49658754697253293, 0.08955269326825736, -0.36148732251665805, -0.7687108941834422, -0.41802815420982137, 0.39677495050217465, -0.803294092125586, -0.4840121124036107, 0.04726012180797928, -0.2422154843533495, -0.32460789470583506, -0.7637806429467412, -0.6067896107794486, -0.4373855217364076, 0.13793770867399036, -1.2049420232822179, 0.31404918861592795, -0.10882712863285066, 0.29440301911831424, 0.5647471760300556, 0.05865425214268409, 1.4038687745254845, 1.6942335343611894, 1.825135817598752, 0.9435289956903573, 1.3066005101924263, 1.6769846707422187, 0.6185548633624, -0.1610391056853678, 2.1268995014165455, 1.0202840252164034, 1.8673100059846195, 1.4285692922950024, 2.2210272596880216, 0.8766969362624034, 1.4599167647615003, 1.2033113436311598, 0.49457136409090285, 0.5230128940437909, 0.18301085829104877, -1.7819621911134023, -2.0105600714303518, 1.2030368913039513, -0.3801190739260743, -1.7631621989738757, -2.2777951673599355, -1.126993882383593, -0.7979264445097376, 0.4287783191439972, -0.20562430894851477, 0.6523968495681477, -1.1497873454395797, -2.388321001599572, -1.0966798989535103, -1.3741735537963164, 0.354952654574066, -1.1965354491543168, -0.8653689649840666, -0.9379559064644565, -0.9004037835237143, -0.23515634665078394, 0.2664007856142848, -0.2909420227699181, -0.6861960838538418, -1.6756249930468874, -0.9801890924308178, -0.304502164662301, 0.160086628286877, -0.6345873578899519, -0.25166398656076616, -0.8334759537298835, -1.0115455129713253, 0.8871017213288382, 0.2975385288284706, -0.5289902223167774, -1.2189762862892963, -2.7608296933149137, -0.8567679603140156, -0.8311748720778783, 0.27545900319031213, 1.159078405361799, -2.0275512394624258, 0.7745698995852984, 0.0321596976083749, 0.36599371074331705, 0.26225421624735196, 1.2303158087178587, 0.2764680297471808, 0.45391458934873075, 1.0431972030517416, 1.044768049196345, -1.0998175606644554, -0.9485970973057587, 0.9484377758142432, 0.03267199796609004, 0.16313631895319539, 0.6223491251985392, 0.1364709489751981, -0.3682913743357621, 0.10376912655907394, -0.7696866231083973, -1.0369818738399919, 0.919821215007319, 0.026439442568347505, -0.2921567252860525, -0.604044911718208, -0.4371308988564634, 0.030299219159180466, 0.645793845283148, -0.07139659085660825, -0.1947999826740906, 0.05624880823296748, -0.9321744938010674, 0.8647104932186749, -2.8807879577140145, 0.5216377343709288, -0.2253946726090397, 0.5210739469363622, -0.014068185880541127, 0.8424702598887946, 0.13167224998676655, 1.2064976351558403, 0.30501815109089386, 0.006817319287058783, -0.256055092694106, -0.4849698845439585, -0.21384618208843648, 0.5529281225873148, -0.5480493215554519, -0.2141828156330315, -0.5269471827508801, 0.9179200749520117, 1.4661709595059356, -0.21935701842890892, 0.415391815587488, 0.9756695617396923, 0.30690770583457383, 0.5911298885439015, 0.4393233901042374, 0.28069077169183876, 0.6921908052954632, 1.1122857776495028, 0.9018856979504773, 1.5901284355184455, -0.9123933112905714, 0.9598142405186377, 0.8485460084843396, 0.167974712194163, 1.0166774699801546, 0.21296552754190606, 1.98420784924185, 0.17032259372528066, -1.9339561957507856, -1.4785789087938845, -1.203663002688003, -1.0541181509011468, -0.28010669587364945, 0.24011650599107273, -0.20300008867686126, -0.5354781364314336, -0.7133281858865614, -1.056258769600261, 0.12703513169804295, 0.26496435745623637, -0.8583246471825716, -1.5630061506281334, -2.299368220644976, -0.2332949310511808, -0.150735307981658, -0.3744405205343729, -0.1998062541704042, -0.973862718703688, 0.35362679008846803, -0.19917777847588422, -0.5690009391867018, -0.029389099627196262, -1.8661514795485976, 0.3987016618230051, -0.312554176085229, 0.5116163703936005, -0.780456962219598, -0.19469122952968757, -1.54719359447645, -0.690662726089772, 0.3669198003528192, -0.0653754812498972, -0.5969980443404705, 0.31245339559690916, -1.03710609670475, -0.6368696210116096, 0.040572031161684105, -0.730922314922161, -0.6732511838152999, -0.4403117321592839, -0.23506731629060823, -0.09514099804113865, 0.012122436541820743, 0.022331860251714977, 0.2722520546297313, -1.3797967592404314, -3.122558825012698, -2.9017726123091574, -2.6595870690703043, -2.26042646819032, -1.571384191150327, -0.567902667105032, -1.0394532632990223, -1.001113774396547, -2.4842875157794015, 0.8274872625798219, 0.6952102774973755, 0.5119000970536469, 0.3753613006086979, 0.39642926195975664, 0.16654881412609335, 0.24957119528846722, -0.19522729967015012, 0.448240058174522, -1.6401826986784138, -0.08156993224435218, 0.05538789396356984, -1.4891484152146748, -1.4769890109401256, 0.5621444687995716, -0.9074029129186908, -0.4155665422119182, 0.02243680580289146, 0.27496584094825605, 0.793534863022765, -0.8494896764204565, -1.229010515375819, 0.37699031091572827, 0.3214459851781178, 0.62213825832254, -0.14023427108278907, -0.5879271965007772, -1.4416897286405854, -1.156676921781896, -0.09108791496460979, -0.8897205703934913, 0.5748531219170612, -1.4151412074362548, -0.33524288884572395, 0.7294024293661437, -0.43693914255804006, -0.06306958458444809, 0.7343356231969096, 0.19297662954954953, 0.3914037861073483, -0.3177857884380987, 0.23261100011570546, -0.751933737561764, -1.1164762243210768, -0.3826319237418636, 0.010382222148414147, 1.2001983829964094, 0.9146064022865463, 0.15792518368236722, 0.9980708475369143, 0.6635697780890765, 1.1660042767479117, 2.3571607014742955, 1.5157657134785476, -2.3949933876184524, 1.8542374459702498, 1.3033649757740609, 1.0043221414379493, 0.44640470878065663, 1.0782541426228276, 1.236750623181893, 0.9599230463919014, 0.3921842536782, -0.532223544347253, -1.0052760779006562, -3.1622399693685233, -2.0062428817110773, -1.8172756065007063, -1.8902219933988973, -2.2916977245988748, -2.725768787053298, -2.857804432410397, -1.8535370997014946, -1.0658881658709067, 1.4556348786046296, 1.548790978374644, 0.11488203147939033, 1.1007993005315106, 0.4260274883022844, -1.7263312943255624, -0.423582167201823, 1.3164803680189023, 0.17255450050176407, -0.03201161332557352, 0.4606089141146446, 1.4556348786046296, 0.6246082790657564, -0.11262103002335525, -0.9388108218937878, -0.1498186058606507, -0.46875740042764846, -0.26132953598948583, -1.2058045614604924, -0.009481427477588518, 0.7174510698252404, -0.7866183849049176, -0.6767433407807608, 0.46329801630059125, -0.5529118895494889, 0.12730242732652025, 0.7274050064470577, -0.8555777190691236, -0.3132793260825576, 1.0370700427564672, 1.6699833098447074, 0.94759345904531, -0.9828215930994514, 1.0279541638389453, 1.387185323692428, 1.1913747329104332, 0.48860303263166277, 1.3017311508005203, 2.431477004564007, 0.6560159820232205, 0.46799986662807114, 0.17381306668626756, 0.2984182208516363, -1.118372200205077]","['v84', 'v4', 'v3', 'v24', 'v31', 'v62', 'v86', 'v106', 'v36', 'v57', 'v98', 'v16', 'v18', 'v43', 'v58', 'v9', 'v25', 'v29', 'v22', 'v32']","[np.float64(0.08235753936669538), np.float64(0.0780268583144219), np.float64(0.0745369218897792), np.float64(0.06040152887823016), np.float64(0.05632754027078953), np.float64(0.052780614894367535), np.float64(0.04391348567174822), np.float64(0.03930879157631571), np.float64(0.0388169787152556), np.float64(0.03756495640113608), np.float64(0.02734505845781921), np.float64(0.01876000085667438), np.float64(0.017973943938525333), np.float64(0.011000020055390488), np.float64(0.006411103915313069), np.float64(0.006161817768942464), np.float64(0.0045752314908324015), np.float64(0.0014062120949654702), np.float64(0.0013196702129083793), np.float64(0.0008308438965310202)]",4.66154246921716,4.715406027235702,4.630271529906485,1.048235096707155,1.1136268032046126,1.4035570806529514,1.4083002126950772,6.128911751096919,6.128911751096919,6.1690992085759575,1.2923764903677606,1.3356581963507566,1.7509626415070934,1.7134488652554158,1.2137710552528416,1.179838355839511,1.2090809687703397,0.057585616778290175,0.05372112905797377,0.037636087813361536,0.01516888838264191,4.278580779738359,4.27858077973836,4.239286160914754,0.98041330406862,1.090231356959829,1.2897239636273408,1.1942651164765605,1.5710360014443117,1.5763190463344612,1.503055931047622,0.4954757171321832,0.6910070991760864,0.691529119098523,0.5986801276843396,1.1916165326819743,1.263222088794253,1.2343751100397324,0.178012481926115,0.19172118828013288,0.23416557543591776,0.2369813591234587,False
f818_b,f520_b,"['97', '98', '99', '100', '101', '102']","['459', '461', '463', '465', '467', '469', '471']",f818,f520,False,0,lasso_no_out_standard_k20_lda_nc2_sex_on,lasso,lda,,standard,20,2,18,6,7,True,0.9951664805412292,0.004833574872463942,0.9990485906600952,0.0009514490957371891,0.5238365530967712,0.47616347670555115,0.5824316508431976,3.0007607867820076,-3.1695190482130995,0.42659285285110204,0.04867719643862623,-0.054663319506900475,"[0.8017356181352844, 0.14515286158480528, 1.0049977861352568, 1.109937789700439, 0.004810216649571306, 0.42795563285382926]","[4.08647091580347, 2.6076076181928225, 2.2737439957981245, 2.8701821410171315, 2.9967859623517015, 3.1697740875287943]","[-3.9022874251102406, -3.5563173369369347, -3.4611511422335903, -2.273228789110219, -2.712459665208136, -2.2169998760952727, -4.064189102797301]","[0.17924380692315386, 0.3847294392545383, 0.48866497176030843, 0.31047494597628716, 0.8245840617142622, 1.4287347992244543, -0.6302820548952901]","[-0.38182089326865487, -0.14739434201044946, -0.2746172733337769, 1.1214448367179697, -0.7390773061951984, 0.15921946194076173, 1.134380450061256, 0.9373927958281552, 1.379787600481534, 1.4092553470805547, 1.1207055860791224, 0.9775912691571512, 0.7225210645035329, 1.2682077929409479, 0.039898226751067536, -0.3137869127222605, -0.07026400117245761, 1.0944899652077344, 1.411268988772921, 1.4757805323782267, 1.7095134614291123, 0.4765159247918266, 0.7868681594197189, 0.04777157620022631, 3.8877239756312756, -0.5449518395229231, 0.24278743737304354, -0.5660304683456516, 0.44687294780199266, -0.546915893779582, -1.1626135303640392, -0.8492765583022133, -1.3238909765442912, 0.39739985317553683, 0.4052104075556836, 0.4794240172339739, -0.3777543835347363, -0.025233394200359686, -0.5040468779464499, -0.5100822654951982, -0.2776072870040478, 0.8176472813434823, 0.573969159229327, -0.013521367622349324, 0.31113349282482755, -0.9326836695805718, -0.10256097926398164, -0.5032665664915238, -0.6679540010567219, -0.9446341545331196, -0.3616828623326413, -0.8234440073804637, 0.1634582176313509, -1.180706282379361, 0.9886708239810096, 0.016317783997988014, 1.0162317142132218, 0.167350494655987, 1.1909449345440712, 2.3153178872812203, 0.5487070101013942, -1.64321092274861, -1.7541498415835803, 1.5998308814779374, 2.269424975292607, 0.08593157136750589, 2.019387698493426, 0.734926082814106, 1.6214715396511534, 2.640439615319571, 0.7376473362897793, -0.33306784197137385, 0.679445507551279, 0.4103302522535836, 0.9138669865518169, -1.5726201876895984, 0.43791228064882926, -0.7882569787356327, -1.7415312262205007, 0.315421714339667, 0.1881463413966345, 0.15287428614087883, -0.5171689863088951, -0.9714781926879614, -1.6416958496348129, -0.36776811914830226, -0.9065380828583783, -1.1171060315645396, 0.6305496255417293, -0.4814267305125813, 0.21283269681271347, 0.5550725681757358, 0.7443432518840944, 0.4075916317221295, -0.7260928977578704, -0.4985181659221715, -0.9583582143301785, 0.9135580487374677, 0.5704213118864049, 0.3008854892276959, 0.48703161147516677, -0.29021853429734196, 0.8525940542197861, 1.0511902615474644, 0.5888496059097232, 1.0000405426848735, 2.122070041426507, -0.06218479647730648, -0.5800215054224778, 0.5487250869643121, 1.5294054845623866, 1.1902517183344241, -0.2561555637188451, 0.6445571624311953, 0.5612336786508283, 0.18914036433493042, -0.42345489216282794, 0.23769900661059598, 0.7090998854557545, 1.218592198800754, 0.9349258332449735, 0.7218821335322063, 0.3995579155957821, -0.5820955540519501, -0.5060626671090973, 0.7609038517002799, 0.2693809157447208, 0.9177229707232517, 0.28077330428019104, 0.2930186092825563, -0.8082334911285874, -0.6780687343924817, -0.6162142278352857, 1.5641892436906781, -0.5187017493267772, 1.2394773748946666, -0.8091007760422951, -0.5253187791959673, 0.6750065634039302, 0.17061548916395333, 0.6203305198236946, 1.1128787130484172, 0.8483171482755281, 0.14810679853006675, -0.07461834115595971, 0.9559908537717345, -0.5599168009139303, 0.3891918958171773, -1.6591620297033234, 0.16434825341539727, -0.8373269421330268, -0.7541569513786804, 1.3194368075426746, -0.31496242505129496, 0.5367844906472601, 0.5587169190007951, -0.07880089460306249, -1.2392448046062514, 0.9356003239803681, -1.356286932192334, -2.718353153785576, -1.6217983343641353, 1.130720881620482, 0.346038201131884, -0.8026712352067092, -1.4171107461398134, -0.25742901746781444, -0.9688240428756068, -0.7781135285571006, 0.5751467831278686, 0.37307241159613275, 1.5877346976296054, -0.7585572492264563, -0.8106640250745646, -0.45998224692650963, -0.7065894853407224, -0.19715906256983307, 0.5805221867750987, -0.0366088548808743, 0.46811970480323406, 0.21826183787625597, 0.055430538012622745, -0.21692610383301897, -0.3792643158668405, -0.48757399115224703, 0.354769396291337, -0.6430884828830268, 1.2111618471665386, 1.4710695476191564, 1.6750486226274384, 0.4440915678212794, -0.02418337447521402, 0.26449739809539374, 0.06355193597336521, 0.8679575985056555, 0.7129913584432046, 2.0806268430597425, -0.49537769269161264, -0.1882536404041683, 0.6263694064036552, 1.320631338910245, 0.07346734390261343, 0.019513319466826363, 0.7048534519448496, 0.9982089455826403, -0.47005514204503573, 1.0436228724761998, 1.690833331341736, -0.48363650905667066, 1.0026878959726941, 0.2824021552917278, 1.2798141031191577, -0.19789594028515828, 0.21333090308043834, 0.03363908971558018, 0.8584331233651633, 1.0157041214185354, 1.0239895660675813, 0.9668518946668023, 0.8679451060020416, 2.491578006365649, 0.7032410914081734, -0.11449689144206845, 0.9422662856240774, 1.1720977427386423, 0.8567225402128397, 0.2551803649957364, 0.8348204337222112, -1.5361599486694515, -2.054947293268559, 0.7475079097475396, -2.4531558171494834, -1.9329633394559789, -0.6425469184655556, -2.1986447820769177, -1.822907769771924, -1.3740199938158695, 1.1420952336900276, -1.216359008316227, -0.9862671102538962, -0.2925847011518438, -3.268423741391728, -0.9909483228284482, -2.6300026217459194, -1.1035554158134575, -1.1950145761615047, -0.07757747945796706, -1.175543992185625, -1.2682995683952056, -1.515907744877527, -0.4723124845439462, -0.3590576878752383, -1.5579578008774506, -2.6037011703753286, -1.6202320275430264, -1.4228082607327817, -1.8558964717468271, -1.4645506608710488, 0.30755699406133996, 0.6301816462307824, 0.7646487370611945, 0.1421171812228564, -0.039590931466916425, -1.300412396742538, -0.28316788115218633, 0.2570611541345161, -0.20891170599151404, 0.08395522171738427, 0.34949523880130395, -0.6231832868548576, -1.1232147208746954, -1.670361259633984, 0.7040997595367664, 0.6269790414468897, 0.018437280080399503, -2.0754775484662518, 0.3268504573151405, -0.94443969790498, -0.09136751476368281, 0.48451779210744006, 2.1447633305689924, 0.31897822765162015, 1.0062636417975397, -0.38631551585123863, 1.2229589178355238, 1.0786905752023352, -0.02617400716863073, -0.9615427441951577, 1.0144283297813408, 0.34373288730853285, 1.0279959009563695, 0.30385986966815987, -0.5685651941881822, 1.0156674229059324, 0.43352542561083834, 1.3616489425557052, -0.367538463262044, -0.5358984920678042, -0.7371787956933914, -0.27065232610422674, -0.15478297774697006, -0.14384945914141567, 0.06675464159594466, 0.646443360939586, 0.8810844784796654, -1.159600741198693, 1.7644067708888571, 0.6704789241638351, 0.8434996984201442, -0.3160497232391288, 0.26360384039258966, 0.26108247092148157, -0.8882133057485749, -1.1422172925163385, -0.5197719581340583, -1.631133513105474, -0.10445344616814407, -0.12206736933329493, -1.09549600875654, 0.1821648729576597, -1.1088463470500338, -0.5948555778261054, -0.7683516384834965, -1.3128974401184594, 0.4232611750104195, 0.07813798555371321, -0.5739479686915324, -0.7949845826805065, -0.6959939937479924, -0.21661206373488767, -1.0639864074932535, 2.2110402314312076, -1.696200439781056, 0.7645557692631545, -0.9485912146487626, 1.1155965873870999, 1.7803375400137862, -0.5349515570378316, -0.5409293857234673, -0.26194630536857627, -0.34156060596425847, 0.5513169061116484, 0.06376466124058915, 0.314948304972887, 1.333502299414037, -0.3275777293619396, -1.173811711943379, -0.033231150592208526, -1.5965762884014454, -0.49457100472658466, 0.2815865076447426, -0.34156060596425847, -1.4359055760684292, -1.0934486479582763, -0.12525290572215492, 2.209222495695225, -1.032204399231818, -0.6097664794662051, -0.405860932371628, -0.2400509910564048, -0.5186129202705193, 1.2957910552575618, -0.15379228495380667, 0.6795886213530469, -0.36201747690333463, -0.05622871923685292, -1.9749558324245529, 1.0597522089146258, 1.9232398508698745, -0.22651153898602705, 1.038715831122982, -0.5187599886089048, -0.20122757833125082, -0.0260444913883248, -0.43303115628141803, 0.6433988611666444, 1.9729897849515952, 0.16884223658718384, 0.24367742457720054, 1.5473751532829119, -0.09636157829741661, 2.180692525577753, 0.7182541259350141, 0.2098908426511668]","[-0.03774685583025453, 0.17738098587637524, -1.0252344980921817, 1.30075110875826, -0.8757401855130601, 1.1415072212377548, 0.46047416669613694, 0.9506261500904655, 0.8909589164114932, 0.7652939591500062, -0.1587717635791728, 0.3749836103913538, 0.5832178667077015, 0.21478767626710518, 0.6870396587285107, -0.3004513101590432, 0.2672577134183479, 0.32016580320524135, 0.867160950141299, 1.43100638633663, 1.2531486492057655, 0.5370388285579327, 0.6218715824584002, -1.1129168714078073, -1.1755425845319116, -0.39623611015566346, -0.16970839592636325, -0.10600529044921332, -0.8561635724338886, 0.3346629098076814, 0.7378604568317987, -0.6971688618791769, 1.2908531267290027, -0.17948524763661658, 0.40977715734786646, 1.2921224904979207, 0.30375217503578344, 1.0802973081988456, 0.41787025158592467, -0.8257776270222902, -0.38158095082290905, 0.08911958491613252, 0.9778684810681517, 0.07517656567495462, 0.20844551314801416, -0.01866055484331448, 1.4641042311073094, 1.0761346579855875, -0.4212534468039331, 0.18925907276610876, -0.7011725923649849, -0.39488712595304803, -0.6813805948160392, -0.5042303629719902, 0.5438878837105467, 0.20671651066422755, 0.7227328986357807, -0.2223088030521467, 0.5814121793046763, -0.23054313436984425, -0.8890651133193088, -0.9131119543461712, 0.5183621059339196, 0.03807185673021199, -0.36697140085461716, -0.9292227632219694, -1.4426141734316476, -1.609467260361079, -1.3212026536461476, -0.46299010331313534, -0.45288890068713744, -0.72489425297425, -0.28456891414080643, -1.3000473654017861, -0.09897197495368976, 0.7132007641687947, 1.6253417376062687, -0.030901423108471705, 1.2556952286582008, 2.517986661267205, 1.8984583981414214, 0.6041543410359338, 0.8752100273800426, 2.0491559986597143, 1.1278993791572787, -1.1739776230327237, 2.525054139374968, 0.7666907097598532, 1.183376752046054, 0.8536203457091898, 2.5087845012252803, 0.5943044707069083, 0.6546573778292458, 1.8784028245677382, 0.867939880627479, 0.15322651125359668, -0.43622538698388014, -0.11163319170726059, -1.468300145403203, 1.3045316482493383, 0.11802403383059212, -0.9575324107685816, -2.300213017677525, -0.4445748525010831, -0.2777408846288098, -1.0461262782136105, -0.1709587889165666, 1.010220352717985, -0.8375648876574021, -1.2705815510331355, -1.2987827129730767, -0.2927141818637586, 0.5216179791010622, -0.9248463000280551, -0.08077140615234482, -0.17709716295668645, -0.2763779088806198, -0.35481824531716655, 1.293290617488143, -1.054882455106246, -0.5265718747471302, -1.3503813849191142, -1.4467967389410716, -0.49876643892506195, 0.3301825506673527, -0.5199602031521686, -0.9464402279811794, -0.8320805672646508, -0.43020519058761447, 0.6280392131375134, 0.6369409470581713, -0.3110772757831461, -1.1202755177839254, -0.22961091837838757, -0.3392661762165845, -1.3392364303496913, 0.3833543917986655, 1.0572810390177763, -0.8643399768774827, 0.7088432100830273, 0.7617548726973692, 0.8936950470466166, 0.6816115203619374, 0.07037029089334529, 1.6394245033967225, 0.5016490771880706, 1.2344066012472856, 0.792070827220375, -1.2302704875606494, -1.3812041281112648, 0.9170499929529278, 0.6925839937246684, 0.17720209744633963, 1.1492209794888697, 0.29486232819674674, -0.6854405464388378, -1.041400516379954, -0.8466825663983983, -0.6160538960910718, 0.4212249561462144, -0.13658177812652042, 0.9351760962786095, 0.7792999077968636, -0.33972603306115745, -0.7023538429490471, 0.9020159156288898, 0.2734712972785114, 0.7980187486819463, 1.0864300146077956, 0.051905625166756716, 1.151595660271558, -1.917012211347206, 0.3820537982576905, -0.16627063508835643, 0.8226345771127922, -0.0508856857024859, 0.3238662131469607, 0.25371957608446777, 0.47949308389253975, -0.4554292687899777, 0.21330445750373417, -0.26872804232492675, 0.22525593597300186, -1.1016990479796995, 0.9259984101781442, 0.6708013657296782, -0.5033009440501479, 0.14664897007110134, 1.336478984666108, 1.4888135812941399, -0.1293692308053718, 0.0415760078136624, 1.1436533254813175, 0.3423215109775888, 0.7561964645567941, 1.3605197389217605, 0.4431150673419784, 0.3135613295124028, 0.4805146824116177, 0.7930808969906921, 0.9487370192361576, -1.1355828420843166, 1.13228426338299, 1.068345334528889, 0.11697072115186169, 1.094475952854584, 1.1920632042395252, 2.005835812567699, 0.8741634294700065, -0.8267912238697959, -0.7561944462604618, 0.04167813562262168, -0.6730888787473795, 0.7785883593607958, 0.07835732125785451, 0.5185462537000376, -1.470632602256452, -1.099355207785649, -0.2043034485731555, 1.656687016728526, 0.3465331616135971, -0.04361839816531633, -1.12744307478979, -1.8735232525714696, -0.7557613535339311, -0.23048373674174627, -0.618033458201616, 0.5097102671969878, -0.030833726495247314, -0.3461345344800255, 0.3835422333578187, -0.835109185283518, -0.37473738626334824, -1.3607607948214235, 0.025424456879568905, -0.696033377688737, -0.4418936372229477, -1.0459323399669243, -0.845756468577898, -2.6217200412013804, -0.6778479249425892, -0.04935078731389068, -0.44394231516750504, -0.6569087151331366, 0.5906092631605842, -1.4607960891734408, -1.1988473115787048, 0.20840381451844506, -0.8723100954826511, -0.06345782279890133, -0.547586366393139, -0.4138182136641001, -0.2965522854738293, -0.950501862267163, -0.04096257407154784, 1.8388135527579343, -0.8042689452477337, -3.189547101709431, -2.1865703511161145, -3.332607066150216, -1.6677834513240992, -1.7312932304259234, -1.5234613163291477, -1.2456710645526654, -0.6410949963456278, -3.497605559084448, -0.01901564409641658, 0.48510686997769564, 0.07337373355903147, -0.632863156428197, 0.412713042591345, 0.5732483561983379, 0.09471532776214797, 0.17914855546684333, 1.7208834158458073, -0.2879040908253277, -0.20736115642556294, -0.5637963547808151, -0.8267666886678678, -0.5015607800090338, 0.3273992925881536, -0.9453340133988083, -1.609744004645224, 0.0017056688070856666, 0.3562342759850793, 0.9230438561249781, -2.5970002010302284, -1.0204823213043996, 0.4919170527719967, -0.16447205740093368, 1.928600275074529, 0.18083270889414974, -1.0906285116312768, -1.2204322583233504, -1.2452387178618936, -0.45036621205193966, -1.0513596229608058, -0.45007313872299237, -0.22727911424775235, -1.0480768367194186, 0.4050193486515649, -0.8370149354844557, 0.2583908056367672, -0.0959785579086525, -1.2598681698749363, -0.032384143229767105, -0.5404238340500381, -0.3569513106033147, -0.8006401849403751, -0.939935936948173, -0.5531053977523959, -0.33298890490620114, 2.1593369024986466, -0.12000647226249361, -0.17013408742696773, 0.17799801318609432, 0.01976513268727999, 0.07887732537216827, 1.8961998650114997, 0.24380973273182957, -1.0322195035363209, 0.7620789044543783, 0.6779603324962529, 0.4275645514509164, -1.3365705537783283, 0.19965797266888238, 0.07897710007832283, -0.40063351580400647, -0.12979488864429878, 1.2815772532125689, -0.2981468939304438, -3.1099143019564335, -2.811143610544855, -1.3037142317404267, -0.899239370764543, -2.2263425274597877, -3.4751685111525066, -3.2997241162340716, -1.4854420662389727, -1.4397460358748326, 2.022762860550294, 1.5326163612513701, 0.424730763804258, 0.8935921278391975, 0.27111947947516535, -1.2503172348948266, -0.26131443624668993, 0.4682151433841506, -0.70914063971631, -0.012663031193422295, 0.0730617715785791, 2.022762860550294, 0.6560956274024567, 0.4571562496379214, -1.0285525646143918, 0.7666124996675722, -1.1309633354873312, -0.056877511622294354, 0.48629409603111073, -0.021290318830365886, 0.5550005004253681, -0.9642689843708226, -0.45941666244625284, 0.10182234507992319, 0.2442766936488386, 1.1587014317031132, 0.02176886791847204, -0.3558695894353017, -0.16434039075042461, 0.644178967038607, 1.8315154318912819, 0.6292854259444932, -1.6017510871548362, 0.5466293172356882, 1.36119905978326, 0.21425426351305996, 0.060864404843407015, 0.9801125377352783, 0.6193949275703267, 0.6568193719838438, 0.038937858384257173, -0.1282628116538309, 0.3885423288594012, -0.060689952417654625]","['v115', 'v2', 'v57', 'v116', 'v31', 'v58', 'v91', 'v112', 'v103', 'v1', 'v3', 'v4', 'v5', 'v6', 'v7', 'v8', 'v9', 'v10', 'v11', 'v12']","[np.float64(0.11733219255484695), np.float64(0.10647678246110166), np.float64(0.09306014799940884), np.float64(0.09043842489115177), np.float64(0.042029781084483436), np.float64(0.012051266626071292), np.float64(0.005719223964676054), np.float64(0.001587450158672932), np.float64(0.0005754965467364902), np.float64(0.0), np.float64(0.0), np.float64(0.0), np.float64(0.0), np.float64(0.0), np.float64(0.0), np.float64(0.0), np.float64(0.0), np.float64(0.0), np.float64(0.0), np.float64(0.0)]",4.55010709766563,4.591187526608326,4.721875395093505,1.0148021083548895,0.9998776612943716,1.2508619859380254,1.2012123885221455,6.326118632987203,6.3261186329872015,6.3507788160112195,1.2903793635704242,1.2317313943854376,1.646615592529562,1.3661123789073926,1.0578902705846671,1.0313693653150235,1.0399409173545275,0.02769892905845098,0.018399664113026515,0.04951726640001534,0.030895016235816808,3.751950699056297,3.7821273250750056,3.7991967123678787,0.9328764261884541,0.9166968282746755,1.072718666604463,1.1189470266555985,1.751065750602399,1.7251993837771742,1.768026072966714,0.7214087758395338,0.815989038647183,0.7205425302196217,0.6554925994056939,1.0518215398682336,1.0662307067091181,1.058510044504277,0.17841419814622725,0.17642244041845462,0.22872639689606875,0.2080298762012142,False
f818_b,m681,"['97', '98', '99', '100', '101', '102']","['490', '491', '492', '493', '494', '495', '496', '497']",f818,m681,False,0,lasso_no_out_standard_k20_lda_nc2_sex_on,lasso,lda,,standard,20,2,19,6,8,True,0.9951664805412292,0.004833574872463942,0.013744175434112549,0.9862558245658875,0.5238365530967712,0.47616347670555115,-2.297115504198762,-2.117004320961724,3.4727916941397567,-1.0228305663416317,-0.03645739720813929,0.05438716264714433,"[-2.9615857359476676, -1.652709974581684, -2.081430960369282, -2.223142129410428, -2.1476572496008832, -2.716166975282629]","[-2.507300430500566, -1.9143717497698156, -2.0942725380169604, -2.037335290909859, -2.467396741498546, -1.681349175074598]","[3.1877751581669895, 4.83320784619395, 2.405503843958941, 2.8256109519380725, 3.5146331627404837, 3.226981401634675, 5.613804342743704, 2.174816845741238]","[-1.1910962237365494, -3.1203546070307002, -0.5191295477216958, -0.06306152186139719, 0.024713034167306237, -1.4792398248217222, -0.23114726015879306, -1.6033285795695023]","[-0.36188220046762853, -0.951951742919221, 0.04188076420981705, -0.5269773648801405, 0.1790182135500799, -1.3482484496478273, -0.6210621946931092, -1.4431393353584423, -0.5711811958688374, -0.9293135824629243, 0.0967354682983857, 0.3048883249008368, -0.4459737517644807, -1.3835939576711875, 0.1583480006258359, -0.2896113027352147, 0.4665781813686517, 0.012575014679385562, 0.279100695472664, -2.3277529312474137, -2.5005069308602055, 0.5987041843945571, -0.7909109386655465, 1.1677739283068822, 1.1634563938298401, 0.1268883953186235, 0.16432721168568598, 0.5441629972348988, 0.5237131581103788, 0.5412488111065895, 0.6850873668521569, 0.036802724901684576, -1.2537184292393213, -1.0754575455393967, -1.38309042079341, -0.21907323757672903, -0.9987041721313574, -0.9694142564399711, -1.0067179227094658, -0.685186345656594, 0.5794311643375343, -0.8242044503799408, -1.3822539161987726, -0.07233584924130472, -0.46376028100529465, 1.4581174363371239, -1.0846635154843265, -1.8522473148112726, -0.32144939655124727, -0.10082235632997193, 0.07819770708757845, 0.3456107522537505, 0.3997767793522067, 0.9498773650844049, -0.12725150639054153, 0.3475537611214695, -0.31223635962495194, 0.9971148926527841, -0.5444958156600685, 0.14282150327986864, -0.10043929435181913, 0.8224148117992022, 0.08445495514102183, -0.320163681173981, 0.7040681150772459, 1.4111761070210236, 2.753803438797077, 2.049516200236165, 1.2638660802780757, 0.8777918683834195, -0.4294716924877858, 0.9810739439311325, 0.7182777009176968, 0.34423254055087377, 1.2554185558004558, -0.5060043375326858, -1.4002747838547394, -0.9363872444207454, -1.2765554411986795, -2.2678790798458954, -0.7699962201434543, -0.18209762592218615, -0.7573141965981579, -1.7995295567391965, -0.930851247518215, 1.4467062811751736, -1.4102083872627615, -0.10723143301331896, -0.21520623785747872, 0.1983686295755544, -1.9851467563383927, -0.9170475403189179, -0.7478853047387123, -2.335042308601812, -0.6143618731267853, 0.017620265119807816, -1.6284710925075572, -1.080593007867882, 0.8155431542147747, -0.7967091105923217, -1.2248472003763742, 1.3121154283404928, 1.2591510485381352, 1.1164608713822515, 0.22367048865485065, 3.6368332481622767, -0.34788822784365797, -1.498070333015555, 0.8769511246420485, 1.1897395698124809, 1.152885909840047, 0.3291995610597208, -0.5646230494180787, 0.6761137287963087, -0.15160719758457813, 0.19331614115673498, -0.3635967482241073, 0.3682885691215915, -1.4439179701417995, 1.4795476455665448, 0.8059588289681414, 0.22136394818848398, 0.18758577536934304, 0.3166339300673741, -1.4552579077899397, 2.0735116906571123, 1.0704685399639458, 0.09215602123998291, 0.9274267855925982, -1.174767773668811, -0.7484946940865184, 0.7941254574925688, 1.3045803122333555, 0.9881889646057331, 0.1947386591442435, 0.7006285493786866, 0.13275811104785812, -0.8113572478855366, 0.1140783390715611, -0.9959249935872286, -0.40773130320447376, -1.2460778185282317, 0.22150229645311678, -0.55229554988803, -1.2356420888071875, -1.1130317096956295, -0.6549291503220105, -0.7437229264832939, 0.5374926761890195, 0.08516248077284415, -1.6276406482004053, -0.5376047965371296, -0.0038034629117738653, 0.5954527875109566, -0.427632639832144, 0.026597959450322277, 1.037889630551428, -0.2756844660315675, -1.1483633662980537, -0.35247243306191894, 0.6510625774351516, -0.9762078764612351, -0.2579672848052432, 0.49483070462282885, -0.7662919649013645, -0.7300209906453506, 0.011459387116994797, -0.2745317579550437, -0.5749305314065222, -1.0230133467108622, -0.7721770589004503, 2.015239583373411, -0.4509069106658307, 0.21723454927457303, 0.2625128412878274, 0.38061517899576847, -0.1666285487033088, -0.3737217525560874, 0.044904169059551996, 0.9180260318604545, -0.18564462108483334, 0.2838556152408571, -0.6893998319129686, 0.33210986285431293, -0.8384656409736291, -0.8760528830144472, 0.36308023515073967, -0.03775659569941993, -0.7119482445106635, -1.803639358922196, 0.5895243817947193, 0.8271038156019995, -1.8025232446910693, 0.8136551257076295, -0.13795909762967307, -0.8276794825842866, -0.3731244686425119, -0.42736795951907697, -0.27056066966581266, -0.06696782690902138, -0.4458916638022279, 0.7644898147566698, -0.3220419976421906, -1.056629377824907, -0.16505374311146961, 0.3353534659712772, -1.2695717870124752, -0.8256360136968935, -0.3638326121440629, -0.48644011797347814, 0.5480576794037436, -0.5109485707278536, 0.16276438224192066, -1.2352586424147791, -0.45276800705442716, 0.46966430424969474, 0.8175401009493996, 0.867759000684334, -0.581521700673121, -0.9174858206720494, -0.6120139355859572, 0.21296374269263, -0.3840916223001127, 1.5647352545743956, 0.362086421016793, 0.15365441157178253, 0.12107806426749976, -1.9214260652134123, 0.3693409547096685, 0.5848499863099064, -0.8262349224664055, 0.592927649387411, 0.7544128041978263, 0.5742248950701555, 0.0749829681446816, 0.9522873526281468, 1.3771397142878654, 1.1587850985757042, 0.24496558370403526, 1.3362965998668221, 1.4411789416176282, 1.1810155521066075, 0.962313833790797, 2.1400955826395407, 0.3021902235744821, 1.7451948851499515, 1.1082657246556207, 0.9658852903208024, 0.13909633002924232, 0.4990685833831134, -0.40795943218045033, 0.5776096746928625, 1.1190043443858084, 0.18704209080762615, 0.4607551610882006, -2.381259562810636, 1.1464600887260021, 3.1441425132563006, 1.8859028753910734, 2.9993997445266345, 0.7469680608094034, 1.8802778343703135, 2.689124269445386, 0.5197681247424523, -0.4599400760949786, 2.957327494086925, 0.3057979263359928, -0.45255185239176066, -0.2792983477367419, -0.1874330248125063, -1.0165358534364857, -0.08465180968746211, 0.03834308143598735, 0.03632631689142433, -0.4986073106817057, 1.0861127415174294, -1.6487371816013798, 0.5849618725023619, -0.24943928621369557, -1.3230269003672859, -1.172799355540099, -0.062446149506672516, 1.0656622721915274, 1.1604505773827771, 0.5590631541582485, -1.9728804900622698, 1.7632181672339953, -0.3974718100426867, -1.1521693650897378, -0.14615199154787348, -1.6490749249526249, -0.41844073103397034, -0.11681857440572135, 0.27488687809499374, 0.8346945739272733, -0.08239147297102979, 1.1396284496655482, 1.0448976463540198, -0.24415209381519618, 0.576690791407962, -0.5622010555976108, 0.24601019818366682, 1.0881498058234904, -0.15643786802877258, 1.1613965952848417, 0.20518153402168318, 1.4017736749275111, -0.214029063784917, -0.4712869036282332, 0.1636998616045691, -0.03499365965588195, 0.3138724140925274, -1.7928457635542796, -0.02579160377447146, -0.931731633526239, -0.8314525614712374, -0.7148780550776551, -0.8688746951581543, -2.055713737123616, -0.9436017660964119, -0.14255374572178375, -0.8367204659915154, -0.4688605947552759, -2.0259893139870093, 2.070876039464286, -1.0521910551955296, 0.9335452336070716, -0.5638323518604533, 0.6223625324860397, -1.3667405171041822, 0.30559252442518636, 1.3441594870506173, 1.2651962054970016, 0.668736987359211, 0.9066440679745125, 0.2989015075857885, 1.041377096715357, 2.5262076884888627, 0.9065925832606327, 1.5278425730496699, -0.7137873201785828, -1.2829370947704302, 0.06937353890664039, 0.3440377377738399, 0.09241806795280086, 0.5973995604038094, -1.6730792896978577, 0.21250609838642065, 1.6490000136464646, 0.678168500863338, -0.10824498347461738, -0.7137873201785828, -0.8964793063001422, -1.0220897175322623, -0.39243563753831134, -0.9713112505707975, 0.627408670543387, -2.201299456269011, -1.1630877354019067, -0.8360960093485849, -0.6378028358348247, -0.717916690258605, 0.9217335432637273, 0.1551584876234452, -0.7186407505130452, -1.4934386471731056, 0.42137211111861006, -0.06118628660468426, -0.5665570569221375, -0.8638617079628186, -1.2123492738379227, -0.5121307134988105, 1.4790150257936843, -0.513644037208012, -0.7685835039887516, -0.3399555833768937, -0.0605075406297367, -0.9395583874174742, -1.1193981722034194, -0.5769060160649122, -0.604413895309953, -0.2296336590990128, 0.5510550354712742, -1.0880398698337166]","[0.6775406605934289, 0.5462443709260771, 1.262953512897547, -0.5948736051329712, 1.5685393599923643, 0.8573687579159454, -0.6922525656555012, -0.26266256143709077, -0.46778850521332344, -0.7795664419042007, -0.01925852318020005, -1.00760053447531, -1.2505642889954398, 0.5413776379888513, -1.1404025124652144, 1.364276163452786, -0.25293709559594, -1.0176451951757794, -1.2023516843005784, -0.830709308090954, 0.5385099049722931, -1.6395693731005603, -0.9201132835416159, 1.1136848102157266, -0.9062316922654522, 0.23381623731710327, 0.39133023150900426, 0.687559365020538, 0.1383558855545188, -0.1052540408559943, -0.9483304760852789, 1.2194774721309913, 0.09840587696158384, 1.7731922268778473, 0.5319344552435981, -1.3730548251995673, 0.2792136319374709, -1.0114057332074196, 0.35574837895580025, 1.0906826377578416, -0.09346962287971622, 0.7179829581289839, 0.14653834769120105, -0.7467325771059924, -0.5653122878486914, -0.5075568830372799, -0.9430062236446872, 0.40527322567884094, 1.0411349001949135, 0.0820538878050137, 1.6949072748003007, -0.04625898484900955, -0.7802683502568506, -0.3078515380115754, 0.0737275687252834, -1.5067056080716381, -0.22935469458989174, -1.262438545712956, -1.368293915171371, -1.6596523509404622, 1.2517993025443779, 1.045738865979082, 0.8828915921105438, 0.11655669185310412, -1.775023181032191, -1.5960991892647989, -1.71621552652146, -0.6976034000632193, -0.03328507021026737, -1.5837058875473844, 0.2794796632337927, -0.6767070992090237, -0.8354114427707227, 0.12875140473848834, -2.105801472682065, 1.2020738833314637, 0.3087709804889419, 1.5986058725904013, 0.44271408121785966, -1.1154001029521652, -1.6056259067107228, -0.2800733399746795, -0.5543384443228212, -0.5335023487946934, -0.29679270261749574, 0.18122805784349216, -1.8222415888069678, -0.8055996874274044, -1.399514362804326, -0.6761730335480914, -0.8763897814378193, -0.35558982932004324, -0.8266908887131369, -0.6645185379616295, -0.15665080113041022, -0.3359207676771262, 2.218121510430885, 0.14138527484504904, 0.6379931434838467, -1.9054882864769005, 0.393349579557045, 0.151731891475126, 1.053907633968023, -0.24119485835283955, 1.0046935613865902, -2.104621341894568, -1.0916998344277176, 0.4604529231448977, 0.858229670884289, 1.0179516601151095, -0.4723818948015147, -0.17623255118148795, 0.6615347970068353, 0.6751640523972932, 0.3792145556507304, 0.251840774161127, 1.0048780623109816, 0.329101721417188, 0.3251557284863181, -0.8710154275984082, -0.3925401575449741, 0.9082577521001677, 1.1592885394713337, 1.039675456278081, 1.3128544048350306, -1.3208026548694876, 0.0011662173384178476, 1.3732331663072401, -0.49018177192105367, -0.20119803754089038, 0.38242868478292014, 0.21606092606340008, 0.5773408463767232, -0.7027250970109131, 1.6583540005304365, 1.002245221322284, 0.05290553954787449, -0.4755109992443912, 1.9163931202363667, -0.26203339227924294, -0.27813803671784293, 0.5111049172017177, -1.3599299881050726, -0.7349366077169149, -0.32838500292192224, -0.6519718615449126, -1.0373471469505757, -0.9380026810227837, 1.5289205600289426, 1.0536138581537235, -0.14090769744456283, -0.0003155581972730953, -0.07046307387698164, -1.2534087785094885, 1.5912661102372654, 0.6481827334969694, 0.5236181593975913, 1.1548103815756854, 1.4072665344154933, 0.5660894100426398, 0.5199500524379571, 1.5426313957595328, 0.29788574363431375, 0.3689021703943788, 1.8425700466374388, -0.03431913181332704, 0.2427632032338645, -0.11271776542665586, 0.550287984790145, 0.7237073038505876, -0.11883365644020694, 0.39033684268162666, -0.11494528596836764, -0.2865463524716291, -1.252925469541647, -0.6289507466404075, -0.6055903873055919, -0.4855205177857801, -1.2861077647732055, -0.45389208140501597, -0.6591948306822265, -0.9482388258148944, 1.8260166826122244, 1.0822742782000352, 0.7123646081468396, -0.913416546252059, -0.4396793211159749, -1.100617858781253, -0.9074706852145222, -1.2020422990962578, -0.3326646334011374, -0.8427934171429419, -0.6104321274260153, -1.5979758383899265, -0.8490350408196252, -1.1426970081889272, -0.989260010175262, 0.08213592583084366, 0.23304971097984808, -0.3526688347820594, -1.744381621557914, 0.8607726024615958, -0.8983557853005403, 0.09778618675879669, 0.12749120505059724, -1.8203490952358106, 0.2527354487877963, -1.696526930710184, -1.1745013600986758, 1.7384631376680508, 0.3501376415772717, 1.2128173798059878, 0.6257336913422207, 0.27321773702520463, 0.6158556213993359, -0.1973937724221159, 0.41896324877956453, -0.2221886822715587, 0.6815886753057869, -1.0591770046760192, -0.29574335336246355, 0.9302135355675517, 2.0110465848564325, 0.8591042192404149, 0.7170505851302523, -0.7269030871204767, 0.540756391880654, 0.28805359376076484, -0.6158794908174575, 0.5105793941472444, 0.014065138703104151, 0.9591680897474649, 0.5811554000405326, 2.0504589309339813, 0.09360029710585047, -0.04958612170782541, -0.15059988578698894, -0.23161541886990922, 1.0144975276858081, 2.6579113260589944, 0.5024368067106453, 0.016065418940869037, -0.012502454512962283, -0.4674830140209432, -1.0462121465566374, 0.8807466648403824, 0.028753992223857525, -0.4208051362360143, 2.001389317559327, 0.615234316697982, 0.5289300201046279, 0.6497041490664298, 0.7546609945592992, 2.0624339844162294, 1.2408163009219488, 0.3313958691053619, -0.9114622596798447, 1.0689146814080177, 0.5515115293889374, 1.4384778281804598, 1.4597325561632386, -0.4036014058270625, 0.103693298666194, 0.5039573198447415, 1.6590386515958664, 0.7315618360615167, -1.20737161970085, -0.1029413512702385, 0.12909809476386508, 0.7608841603963684, 1.0643323575639319, 1.453565718134516, -0.8706147222217732, 0.20488977968169841, -1.9423594487348463, 0.2209282440640704, 1.5101784705737558, -0.44405203561718354, 0.268194621457196, 1.8027187509536389, -0.2925875876670906, 1.3439326855306541, 0.7831002928967159, -1.9238632056441158, -1.5753280622702526, -0.1360215751421616, 0.6250853847233273, 1.1346911792123018, 0.35262122080677505, 0.26684111324938803, -1.2874658964644676, -0.04217495222959368, 2.0015947000233276, 0.8437665707306561, 0.2675560149794464, 0.014859183462118184, 0.6391491596482647, 0.24948295213712213, 1.826899519216592, 1.1188129671607616, 0.1316660958109948, 1.2388114744188963, -1.2853790120221757, -0.7643531741102966, -0.4109211813993607, 0.9246827347844655, -1.5941622740280232, -0.09104471440821213, 1.1442341170741708, 1.3123598356015223, 0.34018605208112246, -0.5388155348631869, -1.460952656833877, 0.8371197726809422, 1.3296571603436345, 0.38907025153622554, -0.612791728891556, 0.47911995089173903, -0.8220030062722092, -0.05427238192410715, 1.8238557026088318, -0.13162233304615725, -0.14053925958147143, 0.8289966161392505, -1.0981422621158823, -0.35742380167969856, -1.6093956484522447, 0.41894347433523976, -0.6946035981319374, -0.3349726270746827, 0.41293774666542277, 1.5756940658855945, 2.8176812815304095, 1.4102693160128728, 0.8874671922539205, 1.4166568674818651, 2.02587892434294, 2.278501652277728, 1.3015222319935669, 0.031129375565935136, -1.923814734058072, -1.5004466463142048, -1.1581176426596935, -1.5336947550710094, -0.5527659322363847, 1.7043180116526033, 1.7283126315524955, -0.6131384362798821, -0.6351423561556773, -0.23899148686540075, -0.2773929752133542, -1.923814734058072, 0.7986279163556056, 1.2262887677442038, 1.9556893080830586, -0.453142178057166, 1.2428978381187827, 2.2295148231234663, 0.06604069817871511, 0.22570672359975244, 0.34076726102673854, 1.8482636350785302, -0.5800379680546056, -1.1597382431923229, 0.6189590225116982, 0.007230086514716417, 0.12057083564317775, -0.49165686795855407, -0.6894119622393141, 0.029054192707357616, -1.4516415925559403, -0.9468161559392465, 1.1808484945112172, -1.061931678484016, -1.0370359561075653, -1.346933366001987, -0.8674847464655532, -1.770459533326822, 0.0459186061404073, -1.2145794108372165, -0.014454373051776147, -0.41891967227155236, -1.7616518019363245, 1.3572345566388353]","['v1', 'v95', 'v14', 'v29', 'v59', 'v94', 'v84', 'v92', 'v88', 'v65', 'v2', 'v3', 'v4', 'v5', 'v6', 'v7', 'v8', 'v9', 'v10', 'v11']","[np.float64(0.10715217958104527), np.float64(0.10542628092031067), np.float64(0.0793970822160989), np.float64(0.04544769856584968), np.float64(0.036461663614481665), np.float64(0.021827482033760635), np.float64(0.019411404204482372), np.float64(0.01842985176092751), np.float64(0.014738077065716733), np.float64(0.006111349335677235), np.float64(0.0015575894951152503), np.float64(0.0), np.float64(0.0), np.float64(0.0), np.float64(0.0), np.float64(0.0), np.float64(0.0), np.float64(0.0), np.float64(0.0), np.float64(0.0)]",5.872737460736525,5.9614554890757185,5.623735040773651,0.742938985018249,0.7572288374670546,2.009657227621438,1.8902883656761325,6.864080952958611,7.114918524475855,7.064727385828126,0.9579893487201758,1.0476593778557097,2.5875270897499085,2.2730463191171295,1.5139223146224992,1.4952310827556932,1.5141116237942902,0.012904133806904012,0.006814249163946906,0.06308160840582708,0.04397861999689606,5.769907198338519,5.76990719833852,5.43052040931126,0.669446284574753,0.6347360149133472,1.7905504439987023,1.5841543357224568,1.3484813036012293,1.5145555550441798,1.4420259019029822,0.2159153295632525,0.24041258639734397,0.8651037098105568,0.9551260406250137,1.5905603832539896,1.7784637502796798,1.6855370043629696,0.1080740394597754,0.10858770823343988,0.2770419354140758,0.25709965146472413,False
f818_b,m305,"['97', '98', '99', '100', '101', '102']","['514', '515', '516', '517', '518', '519', '520', '521', '522']",f818,m305,False,0,lasso_no_out_standard_k20_lda_nc2_sex_on,lasso,lda,,standard,20,2,20,6,9,True,0.9951664805412292,0.004833574872463942,0.004385875537991524,0.9956141710281372,0.5238365530967712,0.47616347670555115,1.3991641027120199,2.6574226967006083,-2.3392990309544173,1.0202818508419806,0.03296538193311893,-0.06543508551505592,"[2.2998704584229284, 0.8673361050344482, 1.248423556085061, 1.3748724634286924, 2.0291024420184764, 0.5753795912825121]","[3.087289536326101, 2.472421290921599, 3.548109897255701, 2.4164228066882036, 2.7724948125044597, 1.6477978365075836]","[-3.083899584794419, -2.2686303598301136, -0.7356528133526551, -2.100244287662338, -2.8831907456597814, -4.307717779144893, -3.420869130280759, -1.448516500362678, -0.8049700775021186]","[0.3342664030512056, 1.8173792601108634, 0.986028980699615, 0.8466384140688097, 1.0277195973809798, 1.3657129009229898, 0.9956099599505798, 1.2038656244087824, 0.605315516984001]","[-0.22748390852407627, 0.274768074920319, -0.7684659930958149, -0.09518817487939552, 0.08204295668870805, 0.6715220725776434, -0.44520145622615476, -0.40003592619059586, 1.043668849889799, -0.30703222238480954, -0.5544452834564284, 1.645234471394193, 0.7858973682967229, -0.38307831572288625, 1.0911983666257057, -0.5582420514829605, 0.5986087507070932, -0.6285796136388987, 1.5957738519311464, 0.6366936716148481, -0.022403779912104453, 1.727456056939939, 0.6337246213184635, 0.1331515059144868, -2.647824793810352, 1.8366308148085808, 1.0436544174153917, 2.023415837664592, 0.8995248664084486, 1.5597183417716163, 2.7549965877098472, 0.6873861041300228, 0.8390421769730549, 0.9149269940581111, 0.09505351302954435, 2.0994823479011413, 1.1083250432067786, 1.1745264176277166, 0.590577912630215, 0.9029602647503712, 1.4476736031766289, -0.7836517039887765, 0.43052533083727695, 1.5565474360935354, 1.075373707351338, 1.5455656247345484, 1.856703380495769, 0.7713417975685232, 1.0157938538116194, 1.456177523255984, 1.1251442125993634, 0.8722034662450059, -0.40727886260203494, -0.3831378758046893, -0.3216403451167225, -0.9307001369539639, -0.6763959408610695, -1.151479439064887, -1.021728975800358, -3.00154279996768, -0.5883808513686923, 0.22104794330692565, 1.2246273469490834, -0.9190189059525802, -1.591679512564491, 0.3524675146254335, -1.4374703497886856, -0.8336352949355486, -1.5927740496327665, -1.1530479747736506, -1.922774172616603, -2.000185110096919, -1.8306464271689102, -0.20941303892706536, -1.3615460043842453, 0.9692012719344094, 1.252355270829086, 0.17722345274091889, 1.0272110405684893, 1.008592532973736, 1.5927459599336242, 0.49626723607179996, 1.9229509214726679, 0.8265713029997596, 1.4632454470962113, 0.6209809829112926, 0.6062269075944332, 1.9299075233958496, 0.7612578849648682, 1.0414584424449687, 0.37741471003404925, 0.2236904519647328, 0.5770168305258464, 0.610937719893383, -0.13763083089314224, 0.6876110500391714, 0.8116755614580715, -0.3720546922688338, -0.5977055699864632, 0.36481150261018214, -0.413685179273099, -0.39283293496129695, -1.2109434140986701, -0.20560376895714708, -0.5896076525156966, 1.7257063495511138, -2.2827813743297187, -0.26056838753211214, 0.9261357830300925, 0.47010542280572337, -1.9574778001423923, -1.052557101201244, -0.6056548119166143, 0.15712967587484455, -1.430100158638561, -0.13789744211202692, 0.050241453797580944, -0.4494320845049857, 0.1398618097393814, -1.050562254520275, -0.07313821026172004, -1.1284671627997027, -2.207675388029142, -1.2614713307914542, 0.013475556566396076, 0.5880956069758895, -0.6653990737065706, -1.3351643906285162, 0.9261608690791291, 1.4654044404773623, -0.7366360294235413, 0.5136520643342218, 0.06898405004740649, 0.861710173298237, -0.5523449330476837, -0.21233465971681256, -0.0450643344351097, 1.0256170773295668, -0.8608391575895484, 0.6558224671782686, 0.6972306408184671, -1.3016871920220143, 1.2431151717232558, 0.8164555352982966, -0.42522037352535, 0.31844086357478335, 0.4120476691319354, 0.4208537552343629, -1.1415004752696496, -1.4112224678723226, 0.01697719747590532, 0.7422786534291714, 0.6686993742497228, 1.2518568101155487, -0.8231286398723702, 0.4160495544169809, 0.32502354512591375, 0.03987172087652004, -1.8534828724567716, 0.9202176086065739, 1.4965391928408933, 0.5966362484338181, 0.6477891460558128, 0.8584223666502673, 0.5084805079420549, 0.33952350970330547, -0.0866530209485136, -0.21149830965900196, 0.22418141522687599, -0.263240787631128, -0.9212964778917236, -0.49081171895682335, 1.0355537735853193, 0.968738044448607, 0.6493012399701598, 1.2141806086913507, 1.1197376713857563, 0.3393204903871611, 1.4648438327687368, 0.3886778606041273, 0.42526645255155016, 0.4429029222088066, 2.0234109547562475, -0.022270456958482784, 1.313507441139407, 0.43987899466845004, 1.3744754359328428, 0.03292857680991165, -0.7973616975369237, -0.6306066838831375, -0.577004977685209, 1.086290881329338, -0.5779889504357449, 0.9177302822168877, -0.9186440244501867, 0.4326381223081402, -0.8645913411047134, 0.8113144575830485, 0.909190296617993, 0.157126039455253, 0.08531873772296827, -1.159611539363624, 0.41042579747344143, -0.7724918288114847, -1.062694889109326, 0.21641359733011856, -0.12178501295289773, 0.799779132183146, 0.6706735811814073, -1.8626102249001923, -0.7074900677004352, 0.18513783053858165, -0.21103625738459558, -0.06840637115111503, 0.2134930592245018, 0.5626488238169318, 0.2048666011326578, -1.1310902107909442, -0.7939270421872779, -0.8576177586903168, -1.7815482738430268, -1.1444876802358372, -1.3822976356750991, -0.752392360794353, -1.7471071935431761, -2.6781733627721978, -0.6599796670228777, -2.6068674853310725, 0.8832501212757339, 0.5618854555892314, 0.77272667554089, 0.865901139585322, 0.4222822223356325, -0.2961378135420942, -0.13599668339615767, 0.4557234248556838, 1.0004909287128363, -0.421047785856434, -1.2867696262186061, -1.071736737343725, -0.1579419066784791, 1.4446905648055317, 0.11538068006687201, 1.6500872442678536, 0.42117558114540143, -1.4280706477497103, 1.0167192292472245, 0.03771508197002979, 0.1175160450713583, -0.010983375564750226, 0.5490882451099882, 1.2963227751834556, 0.7823985788000801, 0.871526965292199, -0.04031078642996919, -0.65081136264602, 0.4018046485085009, 0.6379623875756862, 0.35947725837909145, -0.5407527418516406, -0.7611543686853596, 1.011986627853261, 0.9066515392853662, 0.8273490874221742, 0.03991781923626439, -0.26794951857067084, -0.18753169793719496, -0.6875716720897862, -0.10492687344779233, 0.11129620466777351, -0.40114820467272133, 0.10598804264186079, -0.6961181216018081, 0.4505325594907977, 0.7027706093638169, -0.22798295440405014, -0.2657350931771411, -0.43206347544415424, -1.8072581624524025, -1.8755404815927474, -0.10369322979796128, 0.1569220305245057, 0.4958205086758526, 0.7540156881194365, 0.6899030039778961, -1.1671533216012058, 0.07930260254323608, -0.8725950166516605, -0.2231257145138945, 0.6556873870649712, 0.6989751482590456, -0.15771033802117407, -1.0117467294833344, -1.0528763513145305, -0.6225334620097567, -1.8828063750252373, -0.6894759104975581, -0.11069098041093729, -1.015334436939061, -0.7446331104185425, 1.098751322003038, 0.04725665739050678, -0.0693397286978677, -1.4902738468346766, -1.210980031696686, 0.06832353386694495, -1.014956322859163, -2.6765362716615235, -2.897828930112062, 0.08257222205729792, -0.46984363677861296, -0.06550038128195526, 1.0387575966750267, -0.75710741043492, -0.011815657682204344, 1.1990812863462434, -0.8716838554940818, -0.2985205719695133, 0.17504739004494915, 1.0966477074034084, -0.3063871681655087, 0.805023416186336, 1.0888903201849458, -0.9518297848396533, 0.31590474813976294, -0.9124466131984799, -0.26546433949861387, 0.4261590994811642, 0.6281291484978004, -0.17215499678176427, 1.0903090814353464, -1.3436914534550608, -1.18556459715067, -0.934835682484805, -0.8734777053010285, -2.04316723963355, -3.6236036819136186, -0.33881374686250026, 0.47362312436653325, 0.005465013174432105, 0.23367741603878686, -0.026848044826197525, -0.6595813432935254, 0.3609177459131521, -0.6458449869951826, -1.6539970515017728, -0.36137598856313224, -0.42781694917225777, 0.5630647117977969, -1.2667837164867082, -0.9809836696612667, 0.23367741603878686, 1.246301201456333, 0.30082795973444715, -0.12390220320318265, -0.5757614964884566, 1.4828658109517763, -0.8606171065398315, -0.3126490322846015, -0.23543016636848252, 0.8487961553199532, -1.2126012244592672, 2.127496634746304, 1.4096440807911708, -0.0008371823346031719, 0.4771224351513507, 1.2505501253299816, 0.8558202296984845, -0.07809038820667082, 1.1397692354052444, 0.6067807358644992, 1.3388603734068896, 0.033230524534950956, -0.2502892329267558, 1.228763219092668, 0.015084676143722399, 0.21827883626326716, 0.5222633937243019, 0.5844222104874786, 0.9462130640744384, 0.9778452156638948, -1.2597157304911502, 1.2647045653205862, 0.5358980652438439]","[-0.7751437067184531, -1.1484557602376202, -0.11718864246349711, -0.24398271198515428, -1.6867822458046902, 1.0312195964928097, -0.09769658286202593, 1.7806501333679223, 0.15724102279262223, 0.24617815719228764, 0.2203481401198949, -0.1748315263975279, 0.8440982722080976, 0.9775995289740022, -0.04961383052837644, -0.3890876588795932, -0.20838445525103122, 0.5704498458391682, -0.2034835944552159, 0.8440336415747877, -0.5875782442598328, 0.10367915233314184, 0.4751051508247089, -0.8649276670221046, 0.03294169840604913, 0.5229275500127669, -0.07380902067523294, -0.0074829699727724346, -1.501472063288093, -0.5116297586889171, 0.10078214922616742, -0.9317536032077651, 0.5572140136338131, 0.18675294343363424, 1.2534360774331668, 0.09138853911994602, -0.371890276454148, -0.06644396009718312, 0.03548376754899809, 0.16195137234566448, -1.2651119814779912, 0.6437747165119633, 0.049777433777739584, -0.1988155558208325, 0.556244277615928, -0.8713710730695102, 0.3884470824729278, 0.8392358978612868, -0.8187301330775149, 0.5107800845757042, -0.15855840886508607, -0.29921375457319493, 0.5245088691207255, -1.8121841609612388, 0.38513928375752665, 0.4190123352530736, 0.3245467961479385, 0.6217928884281597, 0.42494946784357646, 2.014353654415745, -0.45621140747541156, -0.29423954219803566, 0.26696080788715315, -0.5492027764650125, -0.35206568387146253, -1.594479296185999, 0.539934149999039, -1.0048006533981977, 0.7561108963948666, -0.7434347383778345, 0.7419840849461636, 1.251954815367756, 0.9991873425606321, 0.7763398939139933, 0.982649326397537, 0.7987137473674893, 0.7830994620668794, -0.5137585275061347, 0.790528286544679, 2.1646578694497696, 0.6843025455212953, 0.7403001500874202, -0.18476844876898052, 1.5941513342872458, 0.06311773693098884, 0.08852986521279423, 1.5117815712684917, -0.10626009415735826, 1.3222505354129592, -0.12287025488796581, 2.300460559155339, 1.2729063180083986, 1.6617886298196172, 1.4992292299439602, 1.4767156098923744, -0.4318286617680209, -0.1763598409576598, -0.8630249733821842, -1.4052454422256038, 2.84315918909202, 0.19037343629473624, -0.08472719020963629, -1.3815304566372835, -0.954534226416583, -0.05685828509945161, -0.014357663333524853, 0.9615401303912674, 0.6682310499335515, -0.9255610229407726, -2.2267809737140256, 0.8464213745104459, -0.6761508838867094, 0.36415224412278724, -1.258949805348629, -0.13349894150376784, -2.1254582261158004, -1.013893023848797, -1.3910064114905534, 1.0154133434330068, -0.027178479243234303, -0.5918771624184008, -1.690835289841438, -0.650519769787496, -0.5654535240987724, 0.8473283942588353, -0.06253451002333159, -0.2742234949258661, -0.8932374447418954, 0.12409864563168892, -0.18869293988777916, -0.266877395964988, -0.8544765892046121, -0.20512550965288914, -2.6747335658063274, -1.1773348754703283, -1.3277745257879392, 0.10252239283594648, 0.6565628863784441, -1.6573325738194347, 0.11380094295857525, -0.054134705867466285, 0.754490609039976, -0.24574054828797282, -0.4775571795676454, 0.4333726972496829, 0.42388617410656976, 0.8717827450176947, 1.006639349627829, -1.4805426934445665, 0.4077230847431236, 0.1993498056598819, -0.24075080700867432, 0.0070788255091654125, -0.5722088431316281, -0.002316280413434577, -0.6017683420292508, -0.603510927059713, -0.9591762011435574, 0.6880500189124242, -0.5604329384822604, -0.567828419256549, -0.022356908183071057, -0.4570791210924697, -1.3280675013115446, -0.2108897099945608, 0.13996686511557785, -0.005020367630437782, -1.0699205082968954, 0.3919307248718184, -0.8746415960335577, 1.0552813656881794, -1.576123466048788, 0.712043151428733, -1.1329284568099138, 0.6834300435224935, 0.5840174164684392, 0.06524250544330014, 0.9415090593745779, 0.705403887710783, -1.1952927452968125, -0.2509174851109704, -0.6676129407289385, -0.8067384743745011, -1.5723885050672777, 0.17060885237097212, 0.2592200528173578, -0.38618804703580384, -0.28950504909824265, 1.94426571871641, 1.8377235807066885, 0.5825223893219684, 0.7578442476755002, 0.7697988841144938, 0.6316795823788032, 1.3349514862258034, 1.5789274116563579, 1.9347129622811896, 0.173671061883567, 1.1762148113060087, 1.2235992726499128, 1.1330532692801574, 0.42274138971634395, 2.39037064179398, 1.3055045930515, 0.9965522629997867, 1.5830732279355506, 0.8487176049369964, 2.1754656182581633, 0.6320909337199564, -0.5070281329719724, -0.2934457628778136, -1.5857294645738704, 0.5324208572318448, 1.2807361673565063, 1.3393647734003877, -0.10680662656160543, -1.0280289136652256, -0.8753911874233858, 0.19391579369357845, 0.7630085963660802, 0.5296767396908155, 0.666843737600896, -0.44054305664274246, -1.725522288312819, 0.04491539649917608, 0.18991269377111555, -0.7803849482592082, 1.0342069240176508, -0.5905271126782103, -0.6263717094082981, -0.7305805745090852, -1.1127899348889934, -1.250280398612849, -0.7759240407211165, 0.9787095984490938, -0.8217910570508655, 0.047749902303013854, -1.2581663796806422, -0.868161157044607, -2.4351330140443337, -1.9093714132574868, -0.04691257394092737, -1.002287738573947, -1.179440962231152, 0.1646195034136772, -1.395778702425648, 0.08259388851634336, -0.39040145148156685, -1.832425159825059, -1.5330725105757674, -1.1209564319121565, -0.6043536334565924, -1.4073773502320939, -0.723267612412038, -1.4481610492963517, 0.5714557671345031, -0.288956125013354, -2.063738684514191, -1.239595536760675, -4.008250898349683, -1.3298953456794167, -0.954450249407633, -2.343420307937026, -1.3221551130619544, -0.9816053763444987, -1.9476752527245635, 0.09766635312277075, 1.3931709458579578, 0.884522224547976, 1.168579247677479, 0.7246317908801819, 0.21666110560572274, -0.14330278392901305, -1.1199821278619557, 1.2325165494030608, -0.47660975594757765, -0.7351204733777099, 0.3167195280402091, 0.510920649878044, -0.10610268216892711, -0.34309782089288715, -0.7580171166356972, -1.4810352830926452, 0.2203591712336903, -0.27605226406561545, 1.7643447737252336, -0.6055680078181472, -0.6967747690592258, 0.3908006016712811, 0.0577491746183546, 0.4701963021613485, -0.17926887080728604, -0.6242156651823235, 0.14079011025427016, -1.2133064872552712, -0.4333285481776593, -0.5533140770322432, 0.7645085341890003, -2.637831298391849, 0.30260965017212227, 1.0806536023549285, -0.32510139107095204, -0.10150050241527424, 0.45082004051496155, 0.11057017927257548, -0.7218294715484607, 0.9695395539665201, 1.251553291118651, 0.2958561099321622, -1.0201615186549495, 0.36344341696402094, -0.2550167911661948, 1.1246904736970582, 0.6084742751282848, 0.41204122813901817, -0.7787122580965365, 0.3068613407048025, 0.24802932696463528, 1.711620052451315, 0.4187779180636506, -1.2184308191428614, 0.4656628703953771, -0.37510518237796164, 1.0821289506209246, -0.49657085835786335, 1.3395944892982345, -0.034339768616666586, 0.3221272953592184, -0.3406329129709995, 0.763267802603965, -0.050927503679709614, -2.6370373144866157, -3.4024202214850123, -1.4506976126418498, -0.883473650004118, -1.830698701909235, -1.4828801625411374, -3.177289451243436, -0.8421994402574798, -0.5739350655881106, 1.9612600639738036, 1.2558790396845783, 0.5201257869624549, 1.181461626222261, 0.41122726306255714, -0.016596039173581788, -0.8827133764099788, 1.2075296036776528, -0.22858996573169504, -0.30810015253098283, 0.11849717656737403, 1.9612600639738036, -0.28299936415192556, -0.7324441495265558, -0.4115839855650102, -0.1429533028074561, -1.3368418649966727, 0.1319297580313247, -0.994317830184575, 0.28401262481494605, -0.34435868148690274, -0.2456788987436036, -0.7681025483398649, -0.8063911300280084, 0.4889467176069445, 0.1555372339321698, -1.2767525716813322, -1.1881784832012858, -0.37979069363541357, 0.6150591537080706, 1.1032125725821345, 1.424942451823809, -1.3452699848509475, 1.3267062604751425, 1.1087945731692304, 0.8790588887954587, 0.46434114521358966, 1.309070338654596, 1.6994529196779167, -0.40493410923210627, 0.25723449583537855, -0.8260015890237267, 0.002428994575407697, -1.0414715767218308]","['v69', 'v3', 'v9', 'v37', 'v87', 'v54', 'v20', 'v5', 'v53', 'v16', 'v42', 'v55', 'v36', 'v17', 'v59', 'v47', 'v7', 'v23', 'v1', 'v67']","[np.float64(0.10976115529682509), np.float64(0.09303351958605166), np.float64(0.06096207153548789), np.float64(0.04846812881285435), np.float64(0.028698213279750938), np.float64(0.026280890819876414), np.float64(0.02213792658348809), np.float64(0.01597405234319409), np.float64(0.011230396372830896), np.float64(0.01104133375115893), np.float64(0.010616883309815478), np.float64(0.01028311526799021), np.float64(0.00987193535347334), np.float64(0.009022529520896045), np.float64(0.0072303882637556795), np.float64(0.00702281086057473), np.float64(0.0068779489005329104), np.float64(0.00577374002969435), np.float64(0.005196667383229333), np.float64(0.004819690289421991)]",4.081217557416142,4.159722597300277,4.034136751763291,1.2123132950088416,1.1411983276999909,1.6245555005067742,1.4547612949655357,5.375603979525065,5.381884772991852,5.22150654864743,1.6032290845489958,1.5122672632674674,1.953303236987928,1.8682642038190251,1.073290011300073,0.9828776545048534,0.9942568572059268,0.021904746095740387,0.01613835362732463,0.06682880654711781,0.04387679225821439,3.7384631336664373,3.7692447056146574,3.703833067431269,1.0492002224353325,1.0514469023378674,1.53203198738266,1.3945592538973972,1.4451529003199974,1.449520999882625,1.4516298577434008,0.452388964240882,0.3736112375589618,0.5908499800949039,0.5584718663980673,1.1640950292260357,1.0919380781870445,1.0818724286414803,0.20594178494106577,0.1790467037582142,0.3031094418228618,0.28047451695910147,False
f818_c,f1014_a,"['103', '104', '105', '106', '107', '108']","['127', '128', '129', '130', '131', '132', '133', '134']",f818,f1014,False,0,lasso_no_out_standard_k20_lda_nc2_sex_on,lasso,lda,,standard,20,2,21,6,8,True,0.9936138987541199,0.006386081222444773,0.9944157004356384,0.005584348924458027,0.5238365530967712,0.47616347670555115,-1.5905420075954781,1.7009776566436294,-2.5248765883861335,-0.8176969827471643,0.07745381446005717,-0.009542422077824214,"[-0.6185751178473071, -2.169862146483684, -1.9622942274070678, -1.5813683469004434, -1.817101061026183, -1.3940511459081844]","[1.450146245949579, 1.920557052594785, 2.3394963478124433, 0.8052475849724912, 2.378022107626952, 1.3123966009055252]","[-3.217047556935462, -1.8401197463573984, -2.3613109213760657, -3.0931279307873507, -2.558577515333892, -1.5229973904674559, -2.2685961494139786, -3.3372354964174646]","[-0.0844809772799216, -1.3614648575289525, 0.7167745291591303, -1.2040242416233518, -0.7885514747864225, -1.407202616651412, -1.040007354531501, -1.3726188687348826]","[1.278345175128238, 0.10144967876768644, 1.3565631605235746, -0.7047041363013605, 1.3353651334214525, -0.5213180044114696, -0.7145260992990293, -1.7574893889538774, -2.336782812612454, -2.369777186099082, -1.4028543922764884, -1.292905622134849, -0.6290413419467551, -1.4386208232161282, -1.5708986359310277, 0.8247700547497274, -1.7108486903337012, -1.1773065613095035, -2.9536355312223024, -1.281341952473077, -0.7843247982637048, -1.8126652649950277, -2.422843598114878, -0.13336385121605976, 0.22696652430265654, 0.06366637858239042, -0.8470870873456797, -0.6742221889385267, -0.48757430929984463, -0.5378610085805826, -0.49760268862928997, 0.31291642639658207, -0.03673979679749346, -0.05903601713210238, -0.34765090204208626, -0.6954403612890023, 0.12664959766876047, -0.2256704842927256, 0.1574074540109621, 0.3522966466346117, 0.11979529340597546, -1.0574850349544724, -0.1217633240124121, -0.5117182255516097, -1.1539387539111818, -0.9531174177282077, -0.9823346390831582, -1.325984036582928, 0.7175369183773314, -0.9186701892325141, -1.0815264481598386, -0.8921098479775127, -0.08423148637890862, 1.5524880509660333, -0.8157683085374341, 0.5937690015771251, -0.10840966616720656, 0.10476132976510007, -0.25841094792429903, 0.3955169509682321, 1.6097682204810686, 1.444724043876086, -1.2494377117742557, 1.3050346573650728, 0.459764745081166, -0.9258066286777497, -0.1358630892933842, 0.6635156225619029, 0.6402688078455646, 0.8073977345280189, 0.4223419983721024, 1.8471944186634048, 0.13123989692112517, -0.3037669465019323, -0.08584080177160144, -1.180106666151358, -2.4252285681445738, 0.35238727713860063, -0.20342216216363368, -0.8744779000106384, -1.3764364364462267, -1.0454110011855522, 0.2653886624183115, -1.0662381063471877, 0.5414076577929507, -1.0080825790408972, -0.7712796227883556, -0.5655947201549181, -2.9794747931362586, -0.4987358845632175, -0.8889954924059721, 0.05260295622471112, -1.620202035684035, 0.24750503558293446, -0.3962716158320267, -0.9336791008413753, -0.45600338939357, 0.6379698170542313, 1.8414258422475187, -1.198944249058064, 1.0488326913539952, 1.9716644593170005, 2.583167185889064, -0.2484238990514476, -0.3545923513866507, -0.9816946521977166, 1.6133420655922728, -0.3354368299808484, -0.25733551214116673, 1.5699222566090283, 0.4190989910668994, 0.39280412272478854, -0.18910114850412907, 1.6081458092125258, 0.8607341299288697, 0.9714956513958154, 0.836792933407684, 1.1686931268162155, -1.5143983426813006, 1.3050350545655454, 1.5084308033217042, 1.702885617687346, 1.3729256376625352, 1.8781070943108849, -0.972461651157809, 0.7240409332622451, 1.021204254457384, 1.2277394133624095, 0.37820650443560383, -0.7652548150781424, 0.14247608390075325, 0.5853668868946065, 0.790106483113979, 0.7060226897040265, 0.273111189397782, 0.22989132310783925, 0.11405682706980722, 0.48370609781234436, 1.5339768927547164, -0.8324103007644189, -1.0453985282951912, 0.10116646622981314, -0.06108166143706768, 0.28383248097388536, -0.3666279523866089, -0.7907935195187368, -0.08352251224565699, -0.9631186565806081, 1.2294458094063758, 1.4980549772703853, 1.0479118856769951, 0.2775886991606162, 0.38418220426887867, -0.705653989007658, 0.18268556250684428, 0.7068166890276831, -0.9755104551586414, 0.8450297804437651, 0.7441985994312255, 0.6210975431252305, 1.6316498571966247, -0.06115969885865821, -0.4801357154095412, -0.2805801566352456, 2.1126691799160673, -0.06204510671471036, -0.01862618123406952, 0.3545401354619453, -1.4268954840193904, 0.95078347717052, -0.9969418715183415, 0.6566295136650101, 0.4210584410041734, 0.33449845638864856, -0.8223131926420992, -0.47417806624738523, -0.24260303661768104, -0.1247887805914953, 0.055334696695806686, 0.6109309859565033, 0.9601172900349072, -1.0104914721927163, -0.8312583308860506, 0.9017431752382297, -0.8216268455783966, -0.2960171662369835, 0.7873252846505396, 0.054291235671153404, -1.6162436066510146, -0.8913759779237787, -0.26933956398434866, -0.548726148534221, 0.9842261823168552, -0.02163205444038874, -0.23768357581370828, -0.14526213589380052, -0.6901293030172663, 0.22729516427214178, -0.5160157572882333, -1.2579394273375273, 0.41266207084717677, -0.1759322463916481, -0.6253707995363148, -0.7246188746951592, -0.13133639738870137, 0.5438891052105608, -0.4843663450334788, -1.6040827742413815, -0.06272506232536514, 0.2667897843200871, 0.7278730520233292, -0.6296205682766148, 0.18750650244584827, -0.25881414625970617, -0.24636761324550785, -0.7485491086269108, 1.3741654499364275, 1.141275122991513, 0.5493804013627743, -1.3966957719596604, -0.96454492819248, -0.06202981287651975, 0.4405000808972152, 1.2550761980569214, -0.7571312268457806, 0.3568734735544884, 1.3309146549902648, 0.4317677952728508, 1.3038205211647045, 0.8569690350579505, -0.45293252507128867, 1.3741990345896546, 1.0085959519092427, 1.320626616391228, -0.1362109240835063, 0.6593713677313627, -0.04628965205961794, 1.0287946350976052, 2.037049981175616, 2.049395667455102, 0.05032839088867823, 0.11850430841998036, 0.9687820355473449, 0.8607635430279438, 1.084924529313827, 1.8406945453187888, 0.9666817801347775, 0.10851213467758314, 1.592182255057556, 1.03342534713552, 0.24011197708946713, 0.2513437206643369, 0.2963338504574578, 1.359718324802821, 0.9408070624317062, -0.4420614247121141, 1.6752401161687505, 1.994822702231732, 1.0095252364015919, 2.8348353766440817, 0.8109595918170522, 0.22538316518345458, 0.03845919203145196, 1.4300243607214504, 1.6033496859871585, 0.9712153993120283, 1.4774030327269083, 1.3923292297511436, 1.1936044943572937, 0.2722969982823078, 0.42898881947141, 0.47263216232113925, 0.25312653968040516, 0.40859829399446757, -0.8319383073893368, -0.161877407770606, 1.3000792013713887, 1.1973393122688454, -0.5682625429457578, 1.4382514960582224, -0.501626199730955, 0.47491169452920906, 0.8279874762805188, -0.42998752476263175, -1.5507937737337698, -1.1176712535371887, 0.5876079189686881, 0.9499247306700856, -0.6906674212889439, -0.22152026559395768, -1.7215519937247226, 0.19556739367015938, 1.6669157426294319, 1.0641247354904113, 1.508443488814233, 1.9270462974269649, 1.5462287266973542, 0.39916213498502356, 1.434084117519204, 0.11879077322907373, 0.19237501312345173, 0.26208393789121226, 0.27449829310065804, 1.064491259546994, -0.8250426291889582, 1.0835342418041887, -0.003471203650534054, 1.5277192132222541, 1.2111608475777007, 1.1705876353425424, 1.3006618679318354, 0.9526239133189877, -0.12452761087359816, 0.7268727007535766, 0.6976001528293925, -0.035738389582952154, 0.012119546218385315, -0.11896763139191878, -0.9883785393057477, -0.6601126530373822, 1.505175433796671, -0.93794876579386, -0.7746573711470683, 0.5820425876734583, -0.5385719216480983, 0.5949707119173199, -0.29549208291733486, -0.11998805330915817, -0.5373945398196142, 0.41408179571138676, -0.0805041842437566, 2.2829827324616865, 0.6769506324557283, -0.7502210049197252, 0.6600013015646339, 1.0548538385781092, 0.7290720518107561, 1.6260592447484008, 0.6367430627011109, 0.048232079940632014, -1.338341046784536, -0.33900358938265013, 1.0708934397527798, -0.3435282769732573, -0.04961587097549428, 0.2400590056451338, 1.1607803655898719, 0.16752342653083357, 1.4696498964846576, 0.9110335388965578, -0.5208910081704554, -1.338341046784536, 0.13650123305126446, -0.14281348271186903, 0.2471922865256175, -1.311720842826159, 0.3973350990969215, -0.2414782168223616, 0.5528545324927248, 0.3149371951030126, 0.14192386796556328, 1.3734198476971275, -0.20102824347697623, -0.9340149173043538, -0.34589110031874304, 0.21458723482608782, -0.06371882645839644, 0.18904242847853728, 0.7447716656056685, -0.3964735128266128, -1.7789596862795183, -1.6555132969401143, 0.4206370140265285, -1.451022875700972, -1.9045336917168612, -1.1890571376614, -1.3954946993747315, -1.56884802027555, -2.346393016045486, -2.223739060384774, -2.168039696376417, -1.1375312897071455, -1.035234519503228, -0.2519822771887105]","[1.2448547361392381, -0.023755580679043358, 0.5556093519447213, 1.3227119052722083, 0.3386099557227181, 1.9066657375546234, -0.3848087068113801, -0.2650607817179685, -1.3150000315360924, -1.2302109863999062, -1.5687559750678743, -0.06400511522102702, 0.9230017763416701, -0.2839383404010914, -0.14435924906740064, 0.9599944288645126, -1.3025112187601071, 0.14376394607516707, -0.8716821917067551, 0.8644327735532064, -0.776786249254124, -1.0226536972920603, -2.2075267033089654, -0.43288147694851986, -0.9631138048150643, 0.8090876986592587, -0.09125434943615214, 0.0059731847842088735, -1.5891060024998833, 0.5369018028674676, -0.3778390852268741, -1.0700017642494806, 1.894825664070528, 0.1914127618704904, 0.8333166898098574, 0.6602857095466246, -0.4508440972543183, 0.7066696208426813, 0.7632648253160551, -1.080341355437031, -1.2663225328705312, 0.8463789476052364, 1.5028040583856597, -0.23748372182723462, -0.6093153974549521, -0.4660523501019253, 0.6980245026152738, 1.1315453935738962, -0.23195798310758817, 0.18252724428411551, -0.9108417497773729, -1.3416058426792778, -0.2879513285571829, 0.7423274793817461, 0.5808924331058243, -0.6688526053116857, -0.20437045713447916, -0.24897913360021678, 0.02065580405172142, 1.491357803751308, -0.12682302408504723, 0.359122887311921, -1.6015190702724817, -0.7185720854678689, 0.7825214250500081, -0.6087765505630057, -0.19757150314994204, -0.5796857752372299, 0.3445043198816272, 0.43016932705350364, -0.1695354217282672, 1.5366120603696052, 0.21560321190506646, -0.7876632473061572, -0.9546247259468535, -0.38875843108041835, -0.4303385870506777, 1.4363014399390968, 0.30721086209532084, 1.2715758208245185, 1.1296183348171676, 0.937981067265581, -0.2712629370125453, 1.8950237614962142, 1.0430845749859283, -0.9786419160730179, 1.9812355015546648, -0.10521990127146376, 0.5231995951375364, 1.6782609318153945, 2.4123808141069314, 2.1005339710892676, 1.0131289950032876, 1.3708487237490625, 0.8243571449416449, 0.676641053993731, 1.247960657287408, -1.525135362431789, -0.9219407199189658, 0.32030456278526204, -0.3195142347405023, -0.16228417819780971, 0.33793700845985514, -0.9654321977430605, -1.2987674067175226, -2.0329978544193885, 1.2158755682561069, 0.06846178490472016, -2.1725538044271113, -0.57520677637477, 0.4211725904156617, -1.8392704315890542, 0.3022884862826923, -0.6948600547451371, -0.10421190550519316, -0.33425629390770656, -0.6852430827465783, -0.9239236371337799, -0.15919838127874725, -0.27805690878257144, -0.42256977231285886, -1.254479451058409, -0.755033382928768, 0.19398734519048685, 0.30214461039871454, -1.5901557787049463, 0.22553013892132093, 0.5901666321932939, 0.3398094103143318, -0.6316837025882365, -0.3604234783317049, -0.3925653125518862, -0.2947331299605305, -1.101178571946741, -2.7390748905923297, -1.9408752473750452, -0.13214274945306292, 0.3496519045246671, -0.5519675187217178, -0.46771718027213693, -0.5451461945414002, 2.5244860936006708, 0.7215797099022037, -0.7728587336311846, 0.5573471967563678, 0.06241966787343117, 1.883316096208813, 1.5770356255543607, 0.317883168353184, 2.306956677738134, 0.22569598010030895, -0.8237653644643413, -1.4676493057968594, -0.2123827219835059, -0.5430151376476857, 0.4446426941988492, -1.0192250357796242, 0.4939633493655665, -1.3005794077568718, -1.3062119203522409, -1.0903836598969692, -1.8502073237625314, -0.9810945992263167, -0.41298536089939325, 0.680583564374613, -0.22248839223123504, -1.4083718358129638, 0.19606342399313365, -1.6895314332364455, 0.38262845459572203, 1.4195699271895312, -1.0571884396845088, 0.7463179629068024, 1.3559501744257656, 1.1313096781499596, 0.2476122917951088, 1.3263269764933132, 0.7186687084516546, -0.7864610593745048, 1.2377785492030118, 2.0587853971243906, -0.7077956753339649, -0.2976241692615053, -1.2742400992771075, 0.7174834566634078, 0.3291505350203135, 0.8810005535866363, 0.21796651020733457, -0.4055357030690137, 0.25017005495762396, 0.17394771965353442, 0.41583425069431973, 0.8432933302164871, -0.5086466067645238, 0.5123179299357192, 1.7970090860291565, 0.7581153765360206, -0.7736230178280046, 0.5109149623636899, -1.2504025128209233, 0.5129668118435153, -1.43606636835914, 0.4883170289908206, 1.73059353940683, 0.7451074645050111, 0.8794016272763705, 0.7356215857597715, 0.2055936582035136, 1.2231212733126537, -0.062244701567027716, -0.7328282312241143, -0.28162576537883544, -2.190287342631359, -0.7060948636977082, -1.942674613112287, -0.3370112577383461, -1.391932565538061, -0.2674244464607933, 0.35717533597313084, -0.5665831947774062, -0.25154216433505694, -0.017769559331853216, -1.5970125079185478, -0.9175873202356136, -1.954472278080446, -1.5340279841849327, -0.9044627398203435, 0.49237484608950915, -0.24307563997414744, 0.9279811787863138, -0.21760484324144785, 0.0578991323106179, 0.5887639603487731, -0.6715342148354876, 0.9831181877902381, 0.6924163612090509, 1.0706574904807862, -0.067503160876372, -0.1495618620104489, -0.10015217828239269, -1.2967970599721041, 0.30213033350322577, 0.44618488537881995, -0.2718222751411883, 0.8567923390717069, 0.01026403472958335, -0.7720185868368694, 0.4788562372306797, -1.3494577991748926, -0.10022692478031307, 0.14087754511713668, -0.8928881635916458, -0.8892523916101107, -0.6528613617773813, 0.784201766460755, 2.044389260198495, -0.032098599057002346, -2.115081821728444, -0.9944241246116456, -0.7837173840153608, -0.6443945309846424, -1.206155166535294, -0.7682289299121783, -0.2660639997025102, -0.31141116178675315, -1.6313239278344764, -0.07948465276301694, 2.4433965450806023, 0.7704875168910926, 0.6188836974473243, 0.2941971364021165, 0.4960077125883499, 0.6885890931364705, 0.1273680407230119, -0.5340349606488867, -0.4550109310830752, 0.33384829120858894, 1.8349333640282544, -1.8265734196450178, 0.09884753634892274, -0.25770875623669265, -0.4494082775163923, -1.0780636176953202, 0.891444882503696, -1.0373405436089593, 0.24927830758515135, -0.4399825154172721, -0.27650466439120386, 0.4401216524671288, -0.4795675276684733, -0.02378457389172997, 0.6351637521380981, 0.7364511860749428, -1.0866093794205969, 0.6340481257156825, 0.9598947562163249, 0.9968563911714455, 0.9715942401225902, -1.155730445513686, -1.6370730511862426, 1.2751910487410383, -0.49495044851618275, 0.8485960649212955, 2.18976944233962, -1.2423810993188118, 0.3263521888565098, 0.2856624793042298, 1.5653699113217219, -0.6268148664130312, -0.07378103998423947, 0.6437246948139118, 1.4942154943746844, 1.6020816199132049, 1.6459041384901436, 0.18229990244365069, 1.1590757714961095, 0.32437326634345437, 0.9985757730882361, 1.0142382055151544, 0.5200286953725362, -0.2949952345186125, -0.6048640846806338, 0.006063766089581921, 2.0905048629435425, -0.4972837558192459, 1.7605420030741856, 0.6405461120596717, -0.5880668133113744, -0.9663063574595087, 0.9373247454302456, -0.8926258962439165, -2.957753589874719, -2.0932167731172817, -2.3494072372629744, -0.04382853148092431, -1.1297842249929027, -2.2540878786271743, -1.8766257913040025, -1.541442532342027, -0.20622316393364643, 1.3524072083186833, 0.6871163803297047, 1.4101020560723916, 0.5761603686256844, 1.5097079394749986, 0.008647730015019287, -0.15791508963072814, 0.7077447119086909, -0.11433278177344096, 0.604777532682403, -0.16441086046818146, 1.3524072083186833, -0.037804972678685725, 0.05115590647412606, -0.5069538819257994, 0.2986078974120762, -0.618811685916269, -1.2668531955258946, 0.47550738830247036, 0.7583455524090306, 1.0195009345314334, 1.0057261046570727, -0.8668544810652645, -1.0495870304141965, -0.08794285137122626, 0.4287167343018267, -1.9991623938573624, 0.5078305177427666, 0.6842712871090071, 1.5387344100920521, 1.3534508160606393, -0.06281622035624784, -0.8751218282580362, 0.5159418083485439, 0.2257154505549258, 0.6722251242682716, -0.31308753155835706, 1.1911126194945778, 0.584460616249909, -1.130668304750328, 0.11848661286680853, -0.41105310515758, -0.06747060214022348, -0.8115395727460806]","['v7', 'v88', 'v89', 'v33', 'v26', 'v32', 'v104', 'v1', 'v2', 'v3', 'v4', 'v5', 'v6', 'v8', 'v9', 'v10', 'v11', 'v12', 'v13', 'v14']","[np.float64(0.1905762355101478), np.float64(0.132664036849045), np.float64(0.08241705915969294), np.float64(0.07593723766053044), np.float64(0.055786509713866075), np.float64(0.05166447855343383), np.float64(0.011772498732660753), np.float64(0.0), np.float64(0.0), np.float64(0.0), np.float64(0.0), np.float64(0.0), np.float64(0.0), np.float64(0.0), np.float64(0.0), np.float64(0.0), np.float64(0.0), np.float64(0.0), np.float64(0.0), np.float64(0.0)]",2.6863921992091164,2.8376846007406926,2.9747690246636145,1.077932078984969,1.1588205576536024,1.2948548052457636,1.2345794494258509,3.453009220181449,3.531782266061595,3.743051122873415,1.4074986508295027,1.5953428284058015,1.623087651638799,1.4593592808007747,0.5752713505379552,0.6169115965959001,0.6176535678803861,0.05259673016079727,0.03196870132021956,0.10456753811484865,0.057750134898805705,2.5186746393907935,2.6084326811742344,2.6640159730037043,0.9634277918915549,1.027099746906918,1.1638823457476093,1.0940913056734582,1.2270326964316487,1.1733565012378848,1.1864484177179204,0.46924171084858735,0.4505554440032552,0.665261870694637,0.4826365404665142,0.6907815481097488,0.7514802485131605,0.7232637377768347,0.22479250110890028,0.2276382102175662,0.2579823124843983,0.20106465759184733,False
f818_c,f1014_b,"['103', '104', '105', '106', '107', '108']","['135', '136', '137', '138', '139', '140', '141']",f818,f1014,False,0,lasso_no_out_standard_k20_lda_nc2_sex_on,lasso,lda,,standard,20,2,22,6,7,True,0.9936138987541199,0.006386081222444773,0.9897598624229431,0.010240212082862854,0.5238365530967712,0.47616347670555115,-2.021252026258249,1.2706412637136382,-2.21188399694141,-0.9982101046389414,0.07190286493786284,-0.0016572313797116392,"[-1.624652159010977, -2.430752555383714, -2.2058870561408788, -1.5344939231396808, -3.0348869448923828, -1.296839518981863]","[0.6243960499241669, 1.9002694701159626, 1.3213800691291495, 0.21316618134255397, 1.6946584378070408, 1.8699773739629555]","[-2.669442292091578, -2.684121181737631, -1.8396267769668697, -2.3067275994020346, -1.781350452725472, -1.9002661211618677, -2.301653554504418]","[-0.7013392461586774, -1.5688775565264237, -1.4043130602249636, -0.2411520780678513, -1.9175540752042697, -0.908446297072284, -0.2457884192181212]","[0.18246738108873592, -0.12890848236526453, 0.467485030716355, -1.18035396821474, 0.45505152555128114, -1.1455274703012848, -1.1510686591943227, -1.4883984185278283, -1.287346766937303, -2.0140803020551665, -0.857701485106641, -1.4322721838185735, -1.8144299660017251, -1.765121081740811, -0.8556921713290566, 0.26998184977404377, -0.47210073490923227, -1.2788339475586357, -1.4152927474579124, -1.4843508554029754, -0.20376059666376267, -0.6030391556747936, -0.9688089186447775, 1.2510486325432848, -0.8558116481619804, -0.5479315260273963, -0.1280986205382809, -0.27652554584165123, 0.9899654633426813, 0.8684960484776484, 0.011076180649309018, 0.6715020903936398, -1.3201313623359352, -0.9519076950762255, -1.948736148382237, -0.97384199553983, -0.20594503320127255, -0.45760826160164914, -0.622154852975361, 0.03390679766283688, 1.2398046602785675, -0.7858469297628182, -0.4996868436320324, -0.8015231414620889, -0.8969920991660638, -0.012069937628796126, -1.0228689818658219, -0.9408885654630686, 0.5535928679700798, 0.06146834751732713, -0.45758188245198683, 0.44405394056822745, -0.40583252039415935, 0.6004267237216542, -0.18602320811937934, 0.8175940388260141, 0.520821752985394, -0.1404626960563556, 0.40933850980995795, -1.649495840270762, 0.6611678297173293, 1.3717478193182986, 0.32411890532083976, 1.5953278097575014, -0.19383213232627794, 0.33706547819656746, 0.3823718704290967, 0.4919842717178454, -0.4742847028583838, -0.10467425869523439, -0.16663711040205817, 0.5109983004553397, -0.6739826556500165, -0.5194385154250082, -0.09682037152762903, -0.5300529279772938, -1.3221811368636798, -0.7302364047148843, 0.04740096558817084, -0.9806912465009675, -1.0795133982718776, -0.7107202118421065, 0.34333826504161374, -0.8391857094496996, 0.41388726258290365, -0.051594460732746296, -0.5882194028652186, 0.23170738807931252, -2.071507119338173, -1.2954779897461544, -1.1003236079146863, -1.0919290036036449, -0.8293405202550904, -0.972132787752377, -0.5356623013903031, -0.32340263808515823, -0.4940772369602409, 1.8955259769826307, 2.316077989428859, -0.5897708654077498, 0.6967154754808398, 1.9288799935787022, 1.30681445767094, 0.16366265209952244, 0.38495343323465375, 0.820675902777826, 0.15180140373630008, -0.9900144877491236, 2.603125339834203, 2.0162276009475755, 1.4733007915274448, 2.2150409912407816, 0.08607828028310728, 0.80697752392983, -0.12239576408022584, 0.5034850318802468, 0.4004918091273077, 1.6924090833230716, -1.577951958921527, 1.7575371009109848, 1.6458211544804369, 0.7640663090259363, 1.0555000843140279, 0.838791101821403, -1.3614564065207062, 1.6970386271495999, 0.016564130577290708, 0.41490726295816743, 0.2584344249212499, -0.08846571088185261, 1.1535583342610485, 0.8017713274940252, 1.1555002537308874, 0.618718040506482, 1.9360297942451465, 1.2702994257169895, 0.5218871051914629, -1.1424965048563684, 2.685752049843641, -0.027388278719731932, -1.0809352478188692, -1.753860122201228, 0.2541370468605478, -0.17983898874395735, -0.9052365743293949, -1.731206969952179, -0.6212739131260637, -0.7840048460058611, 1.3643263358523667, -0.7065139029073456, -0.15589117170943662, 0.32587472051968963, 0.8279661963291942, 0.1146286284847706, 0.8506907007413917, 0.35087437196614457, -0.2176280591903913, 1.2835263648034143, 0.8635599937998698, 1.192740540578969, 1.6534800787746613, 0.9280162877664816, 0.44944303898098054, 0.7283788233478456, 0.9643644393769407, 0.41611745965147007, 0.32834563529716243, 0.08015530225370557, 0.3411412981227409, 0.6293066886259334, -1.0968921240843894, 2.0327617934440263, -0.35526819839280943, -0.20057723170425296, -0.8322092358068162, -0.1142758937323055, -0.302800121540547, -0.6971132848488688, -0.09148928256687894, 0.12533160531101817, -0.4165369901274258, -0.6964116434978656, 1.0969442144913744, 0.5666742773968346, -1.1644749757999728, 0.42336036320432074, 0.0797561382257648, -0.9698150196375847, -0.475487610592453, -0.820987152184501, -0.21039256850035096, -0.28193280671937154, -0.2368163486496309, 0.24488347189926835, -0.2241568130871821, -1.0615487168261875, -0.7962685459951022, 0.5327927112569948, -0.4045253172981935, -0.34409850152335525, -0.558602556197376, 1.0595990399804645, -0.5212484168785004, -4.4150109526721096e-05, -0.8551731883840898, 0.18432775722436837, -0.3500233515256374, -0.7174434459707868, -0.4738170070076295, 1.1542406993074057, 0.5288687079947914, 0.9269326079340995, 0.16617646984690537, 0.44128231887948627, 0.513412119792498, 0.38410064433339697, 1.1775983997385917, -0.08706595223734932, -0.5775894746757732, -1.718324707409253, -0.5816947760906076, -0.03828553229715453, 1.7064455666522926, 2.1842485442565605, 0.6144424831376805, -0.296001688919908, 0.6213507892327752, -0.6368943563084045, 0.9174437173997475, 0.2793571632616966, -0.3725475287845087, 0.6468706602336408, -0.7242821789488367, 2.439999520137303, -0.8085780698207167, 0.03855291359282141, -0.652028048857398, 0.573483164247675, 1.2004676558676917, 1.8959113786086748, 1.0494388321396881, 0.595094269034447, 0.7369041388626274, 0.9868435938964997, -0.4452600469361164, 1.8442991441545227, 0.306114005742637, 0.2472562016125357, 2.0182773538416443, 1.032099647471409, -0.07365567844384385, 0.9316942130356912, 0.7633279159895244, 0.7135396516330427, 0.35932090468224703, -0.16387480784967853, 1.3946788668826509, 2.403915701209057, 1.6050571694928637, 2.0990673838225766, 1.2305534216382932, 1.18469932943222, 0.6621124075059318, 0.8098411031615611, 1.1360857417059997, 0.9535013960963173, 1.1785358214340735, -0.8204150975324239, -0.1686642989141867, -0.14593146973327034, 0.3703291253508337, 0.8998785681397968, 0.18664803995925863, 0.23387547628991812, 0.9214614817319305, 0.6983472183738496, 0.12229134111469724, 1.10540302821875, 0.5524313155482704, -0.026515357842477938, -1.3120715667615124, -0.1133817844892224, 0.777937335407179, -0.7907815520918966, -0.30804122329397976, -1.5020768276523284, 0.435457677636795, 0.7718391423625343, -1.5618699589503804, 0.0937298069783273, -1.9222471512492298, -0.5704992167339612, 1.285681419832486, 0.6472649358085065, 0.6761605959504915, 1.1137191845095695, -0.03808290055701859, 0.574174467039367, 3.43020346947842, 0.8154884433627974, -0.2557140071524744, 0.8069665415481262, -0.306516286420556, -2.015846899372517, -0.0851396950877456, 0.1408479687587082, 0.2731903278626533, -0.6780480191974447, 0.5185148383704115, 1.3891295291701515, -0.4446810320862134, -0.04632874506396031, -0.00777641867377398, -0.6537358467861043, 0.44793098741375365, -0.8743278297284621, -0.49516465773991764, -0.7403219468449003, -1.3288505513174338, -0.8935748195626952, 1.8651212682745, 0.09828556597339742, 0.1058421697979158, -0.9410995534373682, -0.44451345835999173, -0.7781702682306457, -0.21248107908048283, -0.30745983010973726, -0.6621680290540594, -0.5217493906916696, 1.4132420183534362, 2.1679295826473926, 1.4327034080836394, 0.9219224449132462, 1.1991628046587015, 0.39443933129825537, 1.339892787881755, 2.1787856311754306, 1.6503179325962765, 0.013119270800428509, -0.715762259726187, -0.6320670514361638, 0.16736678655448012, -0.2213944677249105, -0.48728448773589894, 1.3463087015270543, -0.57062745964777, 0.37157646812707884, 2.543427747047253, 1.524259970202253, 0.40988142527071625, -0.715762259726187, -0.38744330165505375, -0.43150251731973893, 1.5632738802378434, -0.8947764311798627, 0.4775531482778083, 0.8511583623140171, -0.1299869349718453, 0.3258306340039601, -0.6198470675169414, -0.6367776621407174, 0.3764733018499757, -1.0344244693078424, -0.22456690498578413, 0.8775339275164461, 1.6420665477830045, -0.6432280448012825, -1.1863655958380264, -1.620062982470624, -2.1749116810856637, -1.4446393492937062, 1.6109340203464555, -1.7671689245339375, -1.116476304123379, -1.8688793109086728, -1.1235523981102993, -1.9143007588136511, -2.2036218788705293, -1.7339448968655797, -0.7039049984981988, -0.539135378006569, -1.3108359625805468, 0.8141341251676804]","[0.27130193005173653, -0.8986093211048017, -0.020587078109337142, 0.9268111395695947, 0.6389695242000899, 0.6898191441749169, -1.0038343164334578, -1.1202023876299945, -0.37308604777617316, -1.6923495347220054, -1.2978981770771583, 0.8446936980214711, -0.6098364557818708, -0.7272333425088185, -0.07096743991888012, 1.0179245320202404, -0.829690867317747, -0.3558264531071973, -0.8470275646058371, 0.5765323496254364, -1.649952184207378, -0.8918119203629479, -2.6091299598698305, 0.4911029197877224, -2.7955304559382874, 1.0522055717142025, 0.618353659271201, 0.32988279053772535, -0.1845646776336948, 1.9747081012903407, -0.2233690751301507, -0.6033848871804994, 0.7791408559872014, -0.9532597775814929, -0.592267066819019, 0.4572970915842453, -0.523852085477518, 0.4129982166382117, 0.04299873622384086, -1.7853940282602845, -1.4765497055657786, 0.3649223693705221, 1.2482906400027505, -0.907891325052267, -0.6879533721389057, 0.20709365671506605, -0.5325085597932263, 1.7607159861677892, -0.23517305702579175, 0.6448625258359123, -1.234279023213407, -0.9686186098827773, -0.7844647880460175, 0.6662373668091378, 1.6466468924996474, 0.00957096046287451, 0.4379124265310709, -0.11832206996116425, 1.4246327942530972, 0.196179441356292, -0.11204293161066096, 0.28550913735755706, -0.8240361289612547, 0.6053227001069755, 0.15458514411249244, 0.7674228307404979, -0.41633546777508795, -0.8928693804116045, -0.0003233664587212321, -0.38239866706251, -0.05346378680637496, 0.9761336327988008, -0.05465566677156858, -1.1722750799601391, -0.3838365051995148, 0.4746917595352972, -1.3850013138597201, 0.10380869079651943, 1.2638478914499387, 1.1044857353667954, 1.1139930812949987, 0.9703773921611119, 0.280576266419476, 2.279127329647099, 1.2406361455697306, 0.16461395996563108, 1.8517668752111949, 0.861878979365713, 0.4902022264967289, 1.375937573299596, 1.3455718984150031, 0.22176726270019645, 1.8610411324773657, -0.6210544483730303, 0.4295235462731656, 1.2767144850658676, 1.1994563462739058, -0.8688688127386659, -0.8888631111754731, 0.6943206250220646, -0.24871200656219644, 0.4630641541784176, -0.4422086718649594, -0.009336078386883502, 0.3181763077417469, -0.9758244129571528, -0.06241713778558792, 0.4403177390144198, 0.6504419277372145, 0.7135251888371, 0.7874049073356386, -0.674596535884717, 1.0563888948937132, -0.8732593775842382, -0.9963881807062822, -0.17077561785794731, -0.7462388845516083, 0.7189237987622344, -1.2882221546989345, 0.2851239758420319, -0.4747614832337374, -1.6102156345414644, -0.3051712078400708, 0.06470760344126943, -0.5907080144177819, -0.9535600086435356, -0.16017501203150175, -0.10329003396337129, 0.5363375553645044, -1.4127037838642973, 0.7960384963570034, 0.22170855820018287, -0.04921213047771152, -0.9148885160226713, -0.6607698645777624, -0.9795682949106594, 0.3294348880138547, -0.7415968519603037, 0.22979160587894018, 0.6919666504166982, -0.7874861692670166, 0.5034554906530958, 1.4289085338976213, -2.382000581787025, 0.40713121167844896, -0.8619478363249237, 1.8632236341767303, 1.1233803436851535, 1.5178423068317564, 0.39554833109061344, -0.031277491803718034, -0.9272707358984356, -1.1645466084054517, 0.33034094200537234, 0.37088233252420943, -0.451349106449662, -0.5328298078571866, 1.250075170388633, -1.9402464980227903, -0.9732443816783916, -0.3306571893959276, -0.7480786708513988, -0.14986269849001357, 0.6414694505829535, -0.00564993927409372, 0.8337184414813457, -1.0460013434471636, 0.4317983961697972, 0.15318583829454488, 0.8051533782398663, 1.1546921121514861, 0.22501329745248944, 1.271010742650477, 0.7838635616419003, 2.528151310141481, 0.35639009713707454, 1.278664330837081, -0.2830325843606271, -0.44417913150522614, 0.8800700922873379, 1.135374805956073, -1.3353080033858413, 0.5273942190322759, -0.6413098719116864, -0.3668341624346966, 1.1209980672605215, 1.0209728570285963, -1.2573447822239672, -0.35809432839776806, 0.6183258338749906, -0.02445257564204121, 1.1873268586130143, 0.9988785441042279, -0.17931163045819815, 0.4269627953257422, 0.6459866523370019, 0.8875599202408042, -0.6053170711191371, -0.3250610886534305, -0.8550586666329458, -0.2788745718812085, -0.293821424997415, 1.0465919414487075, 3.048354868940959, -0.19720711561129925, 1.161531019822512, 0.08060058695811577, -0.2427231528715327, 0.9785326748305389, 0.6867163777886836, -2.245026747015251, 0.4073343896278633, -2.952662618261116, -0.8996988226257713, -1.8312894550982677, 0.7536979675056842, -1.5186321562737863, -0.7480877921378326, -0.6773764433080184, -0.786628354268659, 0.5138079158031752, 0.09318330536375187, -0.7151186515717007, 0.2804842896998216, -1.5938903215208424, -2.4514066275845865, -1.656642149785993, -0.9840482655791373, -0.9051887356449079, 0.8641310274030112, -1.0056190799975988, 0.34312870750478, 0.18650257899904862, 0.3244113127404401, -0.10229316199371015, 0.8659754909658305, 1.456953018090835, 0.05418288899601908, -0.8406080740499143, -0.7069632922548392, -0.1646052511478213, 0.954629114885104, 0.6993227341130089, 0.10481097889273826, -1.3063460191149827, 0.17865947575233718, -0.5710093700669965, 0.8376197823548667, 0.08596624217288816, 0.06609345478557392, -0.0025834349812416087, -0.8399923762408961, -0.36606101306936006, 0.42626958345725163, 0.18451669067859455, 2.382676003273384, -0.17299544706094783, -0.6374319001975437, -0.9948590362198816, -1.1554376858073465, -0.6523577567156313, 0.23459893743573113, -0.48588257118988354, -0.2396383339003858, -0.23060222129267507, -1.3768601008805543, 0.1828515980850456, 0.04103886263808556, 0.2720041333100279, 0.3506201797326766, 0.5216083297175926, 0.30661064824405704, 0.68752794772776, -0.23291277286046996, -0.3391054391403439, -0.15126748412453583, -0.6381806919926751, 3.31961210326399, -0.7074839453295595, -0.7443187506648626, -1.0198940887381043, -1.5062244245688974, -1.0139946027275173, -0.242026762952111, -0.7117428349862361, -0.921066911520306, -1.10908973631216, -0.15084453741407647, -1.498885224373638, -0.7833929320059768, -1.055501383172702, -0.2533309838438598, 0.6831645243014878, -2.4565639204294496, 0.1354530131491789, 0.5344134960331123, 0.12860605350284532, 1.781900900915042, 0.8570103177522241, -1.4496281713351864, 0.035695989622251394, 0.3133548206419778, 0.2657349832777634, -0.32202469698088104, -0.8569586884596981, 0.8080429226406882, 0.41846971473095573, 0.18720082264497756, -0.6712921942249466, 0.7674662958551544, -0.6433671711832669, 0.9714968458975326, 1.5037575847948672, 1.2419266213599294, 0.43795674281903896, 0.8477547693192632, 0.07921367376703238, 0.8440640787285935, -0.34029957075811396, 0.7622973178775094, 0.861551279504271, 0.5688632704083264, 1.3628804093161444, 1.148279206987008, -0.026951222713534107, 0.15169228869101758, 0.42995825818676525, -0.8226467756529087, -0.5816305544879398, -0.5743582495739066, 1.0070752826645302, -2.959945290595435, -2.062243755347925, -0.571820746501533, 1.2388079539385177, -2.49544933957529, -2.5392365466364186, -1.4349915101115966, -0.9091402825182026, -1.0617834064087104, 2.9602240485609896, 0.47594041442644386, 0.8319941107771842, 1.1033400361251977, 1.3267062581349987, 1.4295689400158549, -1.6413948609170945, 1.406333832657666, 1.7584426720516586, 1.2427517094502027, 0.012259493539097891, 2.9602240485609896, -0.022450695340520695, 0.3685235727679524, 0.7427267414803385, 1.0201781896207285, -0.5602432041979611, -0.4937614957272321, 1.136645471887076, 1.8904236106102612, 0.8228959358159691, -0.27588102966664096, 0.9726217294165739, -1.843721097663957, -0.08523998151199315, 1.7740965164459128, -0.2399001307604522, 0.6515444713868387, -0.4840075276804165, 0.3629610614071166, -0.4849859123814096, -1.3157520215154201, 0.36817003657724545, -0.45455755393319786, 0.6575619308629889, -0.3731761585921079, -0.5297246052342449, -0.22854810449053758, -0.734794504475146, -1.3636417659091267, 0.026080782884007003, -0.9671700727575324, -0.33034311772089514, 0.40510291829578043]","['v80', 'v96', 'v86', 'v53', 'v88', 'v61', 'v1', 'v93', 'v91', 'v87', 'v2', 'v3', 'v4', 'v5', 'v6', 'v7', 'v8', 'v9', 'v10', 'v11']","[np.float64(0.21423435150218412), np.float64(0.11047974935160576), np.float64(0.10472617489704261), np.float64(0.10447967009014383), np.float64(0.10240435712020084), np.float64(0.09076012819981145), np.float64(0.04695112831740568), np.float64(0.039622520703812704), np.float64(0.02623785461844131), np.float64(0.02576399212256586), np.float64(0.0), np.float64(0.0), np.float64(0.0), np.float64(0.0), np.float64(0.0), np.float64(0.0), np.float64(0.0), np.float64(0.0), np.float64(0.0), np.float64(0.0)]",2.276845862135142,2.4003006229333,2.3412449286284547,1.2663887166048478,1.2879961031606733,0.9830185501667797,0.9677656244351972,2.459483339035741,2.8824155640539852,2.8008703948745133,1.6337191138717264,1.5733939640679029,1.2526440738684006,1.1280234465683814,0.44725571550557386,0.451861320203558,0.4246176874560586,0.07524829001024906,0.04493629738536098,0.07357376130312372,0.05709857292914988,2.2688513683525797,2.289007639521787,2.169665747892337,1.1190304325033376,1.1339130364018513,0.8954053621395905,0.8444944047707612,1.045033273119126,1.1480181731964112,1.136858424602402,0.5927608239485951,0.5195230547936043,0.5315704029927344,0.5549668833516628,0.5458765210985542,0.5967370240104884,0.551689279989924,0.2579938512410125,0.24230985044443498,0.19488452740380627,0.19865844658895274,False
f818_c,m239,"['103', '104', '105', '106', '107', '108']","['433', '434', '435', '436', '437', '438', '439', '440', '441']",f818,m239,False,0,lasso_no_out_standard_k20_lda_nc2_sex_on,lasso,lda,,standard,20,2,25,6,9,True,0.9936138987541199,0.006386081222444773,0.0005660388269461691,0.9994339346885681,0.5238365530967712,0.47616347670555115,-1.567527951910454,-2.212598424207613,3.888392401454775,-0.5597691211381625,-0.06664157266049563,0.04769143915492035,"[-1.3650700368369206, -1.5048387152561835, -1.8223904776480584, -1.8837616547899494, -0.7269125081305494, -2.1021943188010637]","[-1.6174078211619143, -3.1245584173448036, -2.1213706621821755, -0.9291574454906014, -3.598026067429272, -1.8850701316369092]","[4.389524940610093, 2.798804654858358, 3.4492694501769114, 3.8489412591690795, 3.7703648198552533, 3.8745814677462818, 4.484655442935105, 3.136983888275415, 5.24240568946647]","[0.5913006291832751, 0.5824417140127833, 1.325843006153678, -1.068208713568684, -2.7279525820779225, -0.23663304465190282, -0.6873965071443985, -0.6603929225318448, -2.1569236696184464]","[0.13319840810948388, -0.5815705688312296, 0.3211252803875992, -1.2275883984795435, -0.05923953149687834, -0.9233018512059565, -0.8910169226163174, -2.2085544800480963, -1.3799181355868553, -1.2204214462347476, -0.8991623532562284, -1.0617032954818615, -1.4939613480960052, -1.4457713490579003, -0.6687641235641741, -0.5418649650216689, -1.0898077930312007, -1.4854072228692807, -1.3181829740521487, -1.2307907200759463, -2.26943653414665, -0.1948533444786108, 0.7114900476750179, -0.3531419093628576, -0.4371174507304906, -0.33718542656489153, -0.7365758173386365, 0.14537936637124152, 0.5108653281695896, -0.06422625164921282, 0.7693961812336967, 0.2990763303150918, -1.0623325894947837, 0.22409319594768423, -1.6359150092000132, -0.9287233613354562, 0.004580270955144584, -0.34794790311182455, 0.5426162229605189, -0.8010839775785258, 0.2721704472928348, -0.3935396824183647, -1.171784047615469, -0.6587642122574372, -0.16435659739247224, 0.5680320514229649, 0.44744800262732065, -2.013409539885424, -0.04778392734144191, -1.089441052414772, -0.15534721075469338, -0.20163958139381577, -2.177464443382154, 0.552649102468533, -0.9972745367370719, 0.9691003859944844, 0.1826487047556849, -0.6812783764179273, 0.06794205022484301, -1.462342042928501, 1.2765553567281935, 0.4300649601426605, -0.03787238174360206, 0.18455577062454198, 1.0561544137496754, 0.3600249510856892, 0.006575437199519886, 0.5930582333934332, -0.49003913516589936, -0.07124179126754787, -1.084151072139578, 0.23267499848978185, -1.161987578434964, -1.9343006539126881, -0.4018686169587491, -0.2533497540904514, -1.0845564426944612, -0.46166568662394425, -0.8074482327933841, -1.0046904005071493, -2.693245806394929, -1.7969314382902615, 0.10337721663927386, -1.3840461203144487, -0.7097746189593921, -0.26207261734239407, -1.0734711054221997, -0.9270525523859307, -1.7122607137676686, -1.4347390177471746, -1.792241660910131, -1.1574945309409812, -1.478537688115999, -1.1825876793229904, -0.9678006206847217, -0.9682670005188452, -0.31368917291376325, 0.9946571012297162, 2.2048979832739377, -2.4099573484357837, -0.3644582977764921, 1.6290021813489002, 0.7818202069725999, 1.3022588489689426, 0.06472479007558271, 0.7787787034173693, -0.31291202812347435, -0.19088197895241227, 0.3195897484026655, 2.1324450735415796, 0.4772715141645183, 1.8546258551865558, -0.2669786647868499, 0.8106418607590826, 0.368094750035562, -0.85046682419735, -0.5489287239195372, -0.4444656714592715, -1.1421723656088822, -0.06707496394705571, 1.0666685526281119, 0.5333214076552976, -0.1496506978104492, 0.791654954843218, -1.0320714416626584, 2.792249531910158, 0.5647039808763233, -0.20434656335724835, -0.6749925053498735, -0.15748417984288263, 0.6664368182735266, 0.49921990042074965, 0.01068584739172448, 1.083533332812649, 1.5055565490475418, 1.2858098586053417, 0.17777992072393553, -0.03981889671235099, 1.7645307908498242, -0.20071162215858573, 0.0662239553018056, -1.303861673624919, -0.27162180247887874, -0.21199589353710202, -0.718576662908666, -1.791079826193033, -0.6144052859572617, 0.04170578390008444, -0.5025720651443474, -0.4828758991482652, -1.8846465575979754, -0.5010987220102007, 1.3305424885915669, 0.5568645768112982, 0.5883805182973799, 0.591342097284334, -0.5026052285709273, -0.4238277701455077, 0.4303671487854615, 0.2274067956625838, 1.0813210007398144, -1.0768117339544507, 0.49155040162840413, -1.429338786186652, -0.9505169863939572, -0.17689961275377905, -0.3015904266481795, -0.36083356690379614, -0.30085366846201334, 0.29855512510749666, -0.09232935316826898, 2.133069662292253, -1.2450135554635424, -0.6490752677349725, -1.5044538138772081, -0.7476838845447003, -1.0703875294343275, -0.8853500826740177, -0.047413582243734514, -0.1227399120654457, -0.015833903872876608, -0.5983366346663903, 0.022950005964736012, -0.23092786911525578, -1.7264990913143035, -1.611553887212098, 0.24491915536692, 0.6797073607912557, -0.7560496589659421, -0.3639258336287429, 0.14801529242767425, -0.6892484891807811, -0.31740992392818346, 0.39308007899233394, 0.7122591132773495, -1.4017351339610367, -0.8486530959352572, 0.41057875478868194, -0.2799753682518476, 0.33645901980398124, 0.8287811531867874, -0.035869099376464084, -0.7737160567862741, -1.1174908490176108, -0.6863328061703031, 0.7417730020599217, -0.2988641515228055, 1.3941941630848076, -0.4740163571086379, -0.09495433266113462, 1.8702616436573214, 0.4890264174932193, 0.9128807167900138, 0.3931918265140328, -0.590656269209095, 0.45855511878077754, 0.48078683020688306, 0.109214775749272, -0.8485632313993066, -0.9273266542176504, 0.24655540421592703, 1.1052042618725166, 0.8431242683222925, 2.0343379693940835, 0.5865804599797501, -0.2102382854771678, 0.5218988061135665, -0.9015599173431942, 0.8596564540870407, 0.13261359929700042, 1.176348445485991, -0.06663487207502973, 0.782107160594045, 1.910919235614479, -1.149516895263497, 0.4590037112953318, -0.5429297245151976, 0.4102238930740247, 1.4638571490717647, 1.2854025684722792, 2.0589237417080417, 0.7565828564608361, 0.712330433954889, 1.4091191374771717, 1.0328281208149515, 2.167084353366859, -0.6152734335611666, 0.053869159198561084, 0.791449364368524, 0.9553966510457145, -0.18004843755523417, 2.0898278954865583, 1.940929051351872, 0.8731153520946492, 0.854645255960877, -0.48522695518555253, 1.7826243026288164, 2.733463217642596, 1.8987640402280845, 1.337566250016847, 0.7168433194934354, 1.370615533372831, 1.152418231055939, -0.7153671818737919, 0.9711896697635106, 1.7505455063614104, -0.03786707182380611, -1.1318939537482722, 0.22026303435160607, -0.15897717624007268, -0.03002903960837339, -0.7022263958439583, -0.1406990211254253, -0.4885623496275329, -0.8133890082806203, 1.2292302589037736, -0.9143336857257386, 0.5911779388421238, 0.15009150350347925, -0.18305082077572712, -0.6128982828658455, 0.20133091800182937, 1.3422965142992491, 0.886086415745152, 0.13523431274583683, -0.7444460894764937, 0.6845928190251939, 1.123458405181167, -0.20710047252685002, 0.7720329790975304, 1.2686565123931097, -0.09328015138618667, 1.291064848785322, 0.07944503638401712, 1.3167847997537774, 0.02990436281562736, -0.7289750591088838, -0.46813977058888534, 2.3784086741695183, 0.17077327717277932, -1.8931833715894277, 0.21409811245625315, -0.010258631687355479, -1.3248627605963168, -1.7655647881391334, 0.6425905054135993, 0.2555614845368497, -0.5673500752145559, -0.7965012877594888, 0.24154116557525254, 0.5102437446004239, -0.0038002355774846555, -0.6091721683077305, -0.21535951481108329, -0.36442499915644805, -0.8292138838192604, 0.5281548350308424, -0.4274202723258523, -1.0624015050312081, -0.020299680080999475, 1.1722446280331613, 0.3489332386399374, 0.4570927941987145, -1.1815118451299322, 0.8955398821816621, 0.9614270287555059, 0.16871444811515202, 0.648408062979349, 1.13464673952837, 0.2256039593879649, 1.5179751492647615, 2.8182518173437803, 2.0723745412594887, 0.6883339240691192, 0.33610639346967813, -0.24504488710894964, 0.6113540403967836, 2.3183037348080613, 1.1143736488508975, 0.5527383003838204, -0.8037703049730972, -1.4022353525022822, -1.0747314919878235, -0.43683462259257944, -1.2607715461800173, -0.7936684895924757, -0.39788765050288577, 0.4269641192491524, 1.588960827825223, 0.8568034826555043, -0.16212103624067425, -0.8037703049730972, 0.32008423486189436, -0.6637942155595289, 0.4052751493429368, 0.21370374922948282, 0.6219028823153931, 0.4812151106514801, -0.3405513245598061, -0.293891399593228, -0.29275561981576725, -1.8130487064619214, -0.4872209083669197, -0.3289275057528077, 0.461286322949282, -0.41607155446193317, 1.121114778507757, -0.08605265098358066, 0.23950265387945266, -0.7204924285387891, -2.1094879462195264, -1.4137034610364048, 0.7620365786698967, -2.071496150277156, -1.5963019139420231, -2.077341972650493, -2.0720641745085118, -1.85382751411565, -2.1305418127792097, -1.6026225314568807, -1.309679269524608, 0.06917860945258876, 0.29862884853681276, 0.24763720214935558]","[0.7703138540570811, 1.516707435223132, 0.5250739985413447, -0.4719236040579501, 0.6878817455966444, -0.5734175200074757, 0.6295685817064917, 0.5394303037566646, 0.3282298972046769, -0.3025392020468134, 1.0558640327914768, 0.6039021696343199, 0.4867727614373968, 0.9521936626582382, -0.2445530476229531, 0.5645459722824548, 0.7192187641870793, 0.02781686706051835, -0.06922487002205091, -0.9228005689299618, 3.4995826495001814, -0.9140104504537218, -0.6124918505503905, 0.35111823839185646, 0.6055764448088052, -0.6682447780890807, -0.23463886725370417, -0.6783550841680469, 0.3913980646220347, -0.9615401552074445, -0.42511072237680136, 1.0116507167367412, -0.40156769934401787, -0.1037404492197955, 1.1514009807284342, -0.9153428406820813, 0.29430759234262316, -0.9335982401197093, -1.038214907123555, 1.4036993361794834, 0.9624954351711785, -0.7503238236446389, -0.5256465817658599, 0.36224771302234443, -0.3114975350670628, 2.0686557323065826, -3.0293401586637145, -1.1432979903845246, 0.5402610851911752, -0.6113745390856498, 0.4118765797030496, 0.29450408359298486, 1.9207862884539062, 0.7079034280484594, -0.32891663329151827, 0.1494983518097041, -0.30440499295473733, 1.3214123322197262, -0.6417671594063369, 0.3960520805851846, 0.10260544315279882, 0.08784497660175895, 0.33267023711655824, 1.0081257167607807, -0.7700082758034019, -0.6099356195013581, -0.10789523142999716, -0.18953378628899634, 0.43577359346353634, 0.34448763799566245, 0.9965701118459048, -0.30445068673811065, 1.034120555882124, 1.3225267490659414, 0.7352558825892314, -0.44521046832128724, -1.2690211998469787, -1.0311431956321762, -0.7935845790007618, -2.084565747827652, 0.5337158389438824, -1.1182492559018666, -0.3763783961695918, -2.490503485386361, -0.940512014583336, -0.16422893489501386, -2.071107028892792, 0.1086408184314761, -1.7220215028874721, -1.831340439813156, -2.553414122492403, -2.203616207321453, -2.7536366395589815, -1.0027912756207509, -0.7883148782777388, -1.681262421704078, -1.4728389194660385, 0.46394396724860076, 0.19114545283278328, 0.5084105991420504, 1.540925134805037, -1.2520990164869978, 0.8859940279588396, -0.31404613638658097, 0.647417206465813, 0.3264860337733, 0.36182673153707257, -1.0121830742252487, -0.016854745270417568, -0.24741047411301487, 2.479011845703365, 0.2000124967236581, 0.19151643166176896, 0.7260282896126223, 0.0007272131509128778, 1.5534041547231412, 1.3917047026479892, 2.184994305904424, 0.7743245613402301, -0.1482175773315312, 0.04477702705840993, 1.874237006904465, 0.7244763300286701, -0.21648139481312906, 0.5437465217247063, 0.18054745252351462, -0.29576416024753677, 1.0291720967980944, 0.20919514677008466, -0.6551574172035177, -0.3127908467502929, 0.15203845269935515, 0.5656890553483097, 0.6306771654226536, 1.2324534593505365, 1.4298827021531484, -1.0325244058075742, -0.6286665265891686, 0.21363359772110785, -1.0216275018206842, -1.4317633037167177, -1.7859400158715384, -0.9610472067926674, -0.8195704713558462, -0.16652543801786096, -0.06873716580871167, -3.186556352073251, -2.316943093888285, 0.1799439061002238, 1.3433464891418159, 0.5783799725447283, 0.7581011953007675, 0.08011591593696918, -0.7469241935325159, -0.4148067895563767, -0.12813867430032547, 0.6909200976789147, 0.07154826723207144, 0.9493626407445696, -0.06789806307836312, 1.4812697636012357, 1.556474621588001, -0.2948920752411965, 0.6209083702436868, 2.0330695459598136, 0.02489835872906779, 0.9108603614143101, 0.1558408051640918, 0.6621058010920992, 0.002845542975810649, -1.961080050516121, 0.5394401733432157, 0.48753514330008796, -0.8289690321224543, 0.24778131520979624, 0.5494914064305144, -0.9701736374970448, 0.21750360166647037, 0.2922790474890412, -0.6439685127779995, -0.7346965324109603, 0.7333172152006276, 0.8346423324356436, 1.218302449572419, -0.5447489104784453, -0.10422470558009653, -0.1058621181996471, -0.3333496566444521, -0.16258043349738344, -1.154827565405902, 0.38147289381613636, -0.07676439029665054, 0.7990626250633328, -0.19585828300986718, -1.1199083935185064, -0.09098710006046165, -0.5078693627282423, 0.42441525109228584, 0.6345791630849196, -0.30139244568762724, -1.144024851835717, 0.7168807576599775, -0.5182035820635348, -1.5317015517592691, -0.3812297025177348, -0.4568730658245899, -0.2544221118280247, -1.983576845137828, -0.8509326588760628, 0.32497392177190393, 1.1766301026991675, -0.02423458160472392, 0.9963072853845445, 0.539413668215384, 1.6448512988120285, -0.08905106988598448, 1.3207029787632465, 1.0002445802764306, 1.1157042780912645, 0.35954606953566814, -0.7320689126058267, 0.09642440002514548, 1.889250491687407, -1.0908212294577742, 0.19597324988914652, 1.1561105120700774, 1.8054042355533924, 0.7863100696742765, 0.7723803857094004, 0.32551845567326826, 0.6637565422502067, 2.282687835946956, -0.06630532077372313, 0.7219855449517774, 0.8873520155504379, 0.33321874747272034, 0.4581633834485121, 0.2665078277964587, 0.0947192142233549, 1.1815564192868784, -0.22846093710489213, 0.6713246137734497, -0.01255644307794146, 2.115994377124526, 0.7744728728803321, 0.804509017815973, 1.299589492482664, 1.7456775301447338, 0.7927340905199255, 0.9982467419909359, 0.6803155317003744, 0.31278193232853607, -0.3514351558589401, 1.0631612221246314, 0.23820203496783848, -2.0166441152635755, 2.38085536377903, -1.4855581193637946, -2.791975279400592, 2.5370291299496937, 0.399981937375103, -1.8299581841749497, 0.777158285860158, 2.173195311512369, 0.3524238684871677, -0.22807211874311364, 0.37130281521309894, 0.9686095741768335, -0.09248063780550941, -0.560042705256764, 0.6061017968179763, 0.4162341484234196, 0.031643947840406146, 1.068539005029339, 0.17314080262602288, 1.1047829754509328, 0.8766113494297998, 0.8138726070730091, 0.18179242898565037, 0.5149252267535408, 0.7772964728006564, 0.620911037709477, 0.027602512019305286, -0.44388738845155945, -0.5019779767919623, -1.2094278248168175, 1.1519559608324617, 0.023095453581956835, -0.726342418913776, -0.4095394508074039, -1.7047656368045478, -0.09972843205333999, 0.14501519804598742, 1.5440437257574453, -0.13093743574687275, 0.4087979437383682, 1.0255700846546507, -0.3506038835815759, -0.10755684851879274, 1.379236233008502, 1.9349929382109756, 1.3683167837652572, -0.1877383098947443, 0.6122201621642556, 1.1160818175122222, 0.15616046614390258, -0.5527070096368972, 0.7779646421472477, 1.3025137404194687, -0.272485089210711, 0.2782030653876532, -0.06504823103859872, -0.6836587121741369, -0.80619834856838, 0.2170530101374859, -0.37451740171566394, -1.7809103279670842, -1.4154718946015081, -1.2174293396356246, -1.1514902155095035, -0.2223734726640716, -1.3595787970546163, -0.14352569928044984, 0.14251904570847973, 0.05590656197341363, -1.0617109803117721, -0.5154789537872259, 0.31020872614022477, -0.022641372709212133, 0.2969458256051135, -1.1719972449368894, 1.2714363063049683, 0.25394859736756126, -0.572076424966853, -0.11096300178909926, 1.5764618274713125, -0.9632517971877758, -1.7020638921670397, 0.1364180126376998, 0.7784483536841862, -1.6801100231246764, -0.17262009855062194, 0.6226131172481467, -0.5754935293507094, -0.22707711845955758, 0.936566166832922, 1.2079733603563076, -1.4780178114152696, -0.37452882558462475, -1.451486332363263, 0.10843573518565162, -1.6801100231246764, -1.0232108067969696, 0.3400210486421744, 0.43896368319706214, -0.7204096604445316, -0.07112222912745118, 0.5469618176052754, -0.3034702856256578, -0.9709731227098124, -1.4783544523305256, 1.4300181559734577, 0.4246966511946376, -0.004424945965999313, -0.12138202657347216, 0.0836949607251878, -0.4320591132811175, -0.09565354219494647, 0.700043088306933, -0.46967498073358616, -0.22279437308017724, -0.014576874590813294, -0.045415199073890564, 0.11419585046520976, -1.3044191076592973, 0.30150986168170435, 1.3415564792426957, -1.2396699748943858, -0.7557467152427614, -0.3725814860748931, 0.18817334191379884, -0.5712567027716084, -1.28972169769054, 0.6478322106063157]","['v1', 'v61', 'v76', 'v6', 'v13', 'v37', 'v14', 'v88', 'v56', 'v24', 'v12', 'v54', 'v86', 'area3', 'v97', 'v84', 'v58', 'v2', 'v3', 'v4']","[np.float64(0.08952355616642145), np.float64(0.05243741187778578), np.float64(0.041958101327668085), np.float64(0.037415569571294986), np.float64(0.029295943596300437), np.float64(0.027628354084875264), np.float64(0.017141168197034977), np.float64(0.014265715179606241), np.float64(0.012141746022345485), np.float64(0.012107849743189463), np.float64(0.011309260730130782), np.float64(0.009804226172611693), np.float64(0.009238563037388646), np.float64(0.0063914688070167355), np.float64(0.005971829189594168), np.float64(0.0004774914635101082), np.float64(0.0002550249979928157), np.float64(0.0), np.float64(0.0), np.float64(0.0)]",5.700781666346292,5.921837250092968,5.927966148666513,1.3981689355929585,1.1937917638507363,1.9362041382490185,1.756841010801641,7.108749656434679,7.352177217690989,7.410275136804614,1.7901420732260545,1.320739517554503,2.445225888786439,2.2628994497962163,1.4559165022010208,1.486412272668191,1.5328567957692607,0.09602926036883232,0.07545861708154955,0.09289507223568111,0.06013961983380289,5.4559203533652285,5.481891422508351,5.366600078713864,1.2613012845283558,1.1922132166915742,1.7514579990782542,1.620685356666601,1.5961797186106166,1.6047954965594318,1.6166927311650356,0.48479005340608966,0.4130297714965114,0.8247423989819923,0.9815125862444805,1.3957246918197908,1.7663109878925038,1.462198060388624,0.23738036717626926,0.2082587271092944,0.2660538753427847,0.24854003521682605,False
f818_c,f520_a,"['103', '104', '105', '106', '107', '108']","['458', '460', '462', '464', '466', '468', '470', '472']",f818,f520,False,0,lasso_no_out_standard_k20_lda_nc2_sex_on,lasso,lda,,standard,20,2,26,6,8,True,0.9936138987541199,0.006386081222444773,0.9979768395423889,0.0020231876987963915,0.5238365530967712,0.47616347670555115,0.6889809860432444,2.1764403620864523,-3.130849403918215,0.3251635270709078,0.05446070134137047,-0.04078112080491116,"[-0.19919009228338588, 1.5177535174899104, 2.1938508552723537, -0.08610338773425269, 0.8490864280384122, -0.1415114045235706]","[2.1437841665176074, 2.5461662888398995, 1.3993136667798367, 1.9927612801043821, 2.492767709657247, 2.4838490606197414]","[-2.739320666109523, -2.4908752122260873, -1.6487016537600307, -3.220991068560435, -3.8595750319386752, -3.819131153495644, -4.721291913782046, -2.546908531473278]","[-0.14645782947816732, 0.5464705196516483, 0.5276448414662511, -0.3489764381696712, 0.554614610330312, 0.939501727282038, 0.16258909705620883, 0.3659216884286431]","[-0.3542545319969338, -1.1829001279004578, -0.7750877850924991, 0.009019403610310969, -1.0011767354762042, 2.548904471324007, 1.1094745290098609, 0.9265321835822115, 0.05072067972148645, 0.9646582635667182, -0.06793135910672952, 0.33562883700029883, 0.10582289667157779, 0.08349168188435509, 1.3332335390897503, -1.685006154849613, 0.5098378899132144, 1.2023311836758637, 2.0148531685259528, 0.48179411864014726, 0.43689029434268606, 1.1347763392069248, 0.7541818842720837, -0.01357970477362805, 1.7885908706042495, -0.47322878719471345, 0.41408497388466353, -1.4337411156267332, -0.7247165289179731, 0.23170923150655456, -1.2125553830672253, -1.664653770763586, -1.348657414840435, 0.2794299921822466, -1.0774415199425071, 0.0927361303546992, -1.903691933398958, -1.5391073348693516, -0.7934610991299609, -0.7181188813304007, 0.10649344151774609, -0.571703324844794, -0.12738595144193932, -0.34038592826282404, -0.4025486527073501, -0.31769906839131407, -0.7676535095139451, -0.42737913918940956, -1.2430665819898312, -0.297817558700328, -0.6876874698873667, -0.5363952526522525, -0.4352248979118187, -1.7099962050254778, 1.4965629177465847, 0.06767610173639994, 0.5407504203349385, -0.04795344459132699, 1.4591795216323933, 1.8720169480292912, -0.6052548857507634, 0.21498189687014163, -1.6707841252049653, 0.7027807571730998, 0.9612829942201795, 0.8945803980655667, 2.0379311275344603, 1.1338453700767672, 1.3110875159659194, 1.9884589462951794, 0.7156632531749407, -0.1673007533995027, 0.8332163563004312, 0.5125185503721768, 1.0041497821943117, -1.6648398109089375, 0.5718939834884149, -0.6700594627778733, -1.3939942747104446, 1.0537009989944175, 0.4667920423427721, 0.7975983376059728, -1.2063498824661991, -0.11389778201460016, -1.0536240607807144, -0.00695286008792162, 0.18287522808774526, -0.7708141564155679, -0.13976804430822085, -1.2788862269509382, 0.1852085601313364, 0.28937904574627105, 0.35497233542672574, 0.2629603478671177, -0.021790424497935612, 0.10468438436652354, 0.5633907229565718, 1.4679239775616673, 1.043250289690695, 1.1788198394655955, 1.5815680565070078, -0.9767854903908343, 0.8528259820072513, 1.065199515111802, -1.3679276687967459, 0.11986566672443279, 0.8449322916538605, -0.3573555858356477, 0.43779552542410993, 1.0731488640460387, 1.980637653258076, 0.7658418584420849, 0.2346116022917914, -0.297066529757004, 2.0285477959825267, 0.4361437314237704, 0.003969248420006473, -0.5559890099063923, -0.5879056678786198, 0.9806456212109976, 0.23144508323739085, -0.6405848571250209, 0.6477291027252275, -0.4348294970052291, -0.7113407104468752, -0.3833710570674714, 0.70572745365836, 0.9081524848611227, 1.2459341335335554, -0.4329151107182883, 0.31661036083971755, -0.767349787285299, -0.2663994680951398, 0.6811756150945741, -0.9781023890773195, 1.2215275765671205, 0.0036147124554458234, -0.6464340428367137, 0.7684919130501635, 0.6542179998828708, 0.520491437125611, 1.7725861990223681, 1.4046368496486044, 0.9601612118488865, -0.7073374935137159, 0.08890536623746437, 1.1428763103262367, 2.364746195847119, 0.0016174534468074418, -0.2900282391388318, -0.65784886031919, -0.7132790831619157, 0.005686622362412155, 0.47583294739108867, -0.4577103074408797, 0.40746679746861775, -1.0354982335683909, -0.07771176920142209, 0.7484943735559221, -0.06148705367171914, -1.5444748025467014, -0.5375226932423118, 0.4980787483181209, 0.5254485495506284, -1.3918424388950976, -0.8895771891192283, -0.3264130977428692, -2.2339596500716907, -0.969453039649232, 0.4160620661329105, 0.7403653923217951, 2.428631254461614, -0.5674795187602727, -0.4795430905155518, -1.0403904366977668, -1.0674927841014294, 0.7387366193879965, 0.4615441466197078, -0.4166086342180647, -0.2782344243780034, 0.045538306690913403, 0.7542959046207603, 0.5076789206721205, -0.7938121843131993, -0.576295361608809, 1.1411728795394513, -0.87906458537446, 1.1871115366020948, 0.6306252529811213, 0.7075645165849264, 1.1400178117124427, 0.6357702570479739, -1.139766687456757, 0.1955120869195468, 1.1954414971099094, 0.7811408243155372, 2.337510192133101, -0.9718910897375386, 0.20478627754436965, 1.1284425851578874, 0.7963390848568666, -0.3354307158758336, 0.6675645747652711, 1.5246546127818545, 1.262213640685207, 0.034414621554370264, 0.7517350030505239, 1.6060990405872162, 0.5225448474953891, 1.6193972125341078, 0.2755350942015636, 2.4448885976943497, -0.041747162014895776, 2.1497874121786062, -0.9481872230616408, 0.5342130740847416, 0.2838836297196606, 0.22820954748024022, 1.5486597919309661, 0.7040865215361974, 0.11642591201837219, -0.33576372073295424, -0.901867715678867, -0.08681697197821257, 0.7674623724933678, -0.2726088906101999, -0.7134906414396792, 0.5401710493082129, -1.32855991421532, -1.4111076192484784, 0.973884918475429, -1.7607228680240545, -0.7362531904129074, 0.1291109946409633, -0.5918194898715563, -1.3751216857858142, -1.5745799906454638, 0.3291006453350746, -1.4493631667979414, -1.3300304549615674, -1.0861339793753635, -0.6986009751405797, -0.7545306198777553, -3.0770579535939224, 0.26893890135904874, -0.6935980845890779, -0.7721914005107722, -0.48962007743707125, 0.06912392201078477, -1.504033579272203, -0.02328281439299225, -0.0322971020623731, -2.133028930651065, -2.6712457253501345, -1.2153222266311714, 1.0876838880770014, -0.1647676261971176, -0.9872581459800261, -0.13630125982705243, -0.3469329830728083, 0.19549593689376932, -0.5517741456818928, 0.20966939685287048, -1.338379194887726, -1.4741457408381822, -0.28519846719499536, -1.914793382680851, -0.4437619667648276, -1.9359473160057314, -0.5391310042571011, -1.9277615224865468, -0.33144424581879306, -0.13421109065366285, -0.5914255880710837, 0.7918588960234934, -0.2660738145953032, -0.6484582225230473, -1.9942697597900914, -0.07173718967685547, 0.8452035514145855, 0.48641162309943015, -0.39912075344929177, 0.3379040092859462, 1.240502918496854, 1.157581611236598, 1.0220571829348724, -0.3424577240929268, 1.6006719935971032, 0.5285310259559463, 0.5495957721642599, 1.2306786754842176, 0.2325888312504205, -0.33227149747507484, 1.7254685147372377, 0.13397971287203117, -0.2412963471132308, -1.0557113410154755, 0.25145034290903284, -0.5715369125199187, -0.6899110975772665, 0.2072416057449891, 0.1275995469482771, 0.9526230906529004, 0.43648400916274366, 1.3018712505556607, -2.1231530180054485, 2.0090636435428353, -0.4000860516185311, 0.4225961864172491, -0.3956430149405052, 0.09170102620155782, -0.30945546848085, 0.31122163336861636, -1.1163681726930756, -0.23455500239211893, -1.1224608185769922, 0.6379532568497135, -1.0261651463786687, -0.1166780677823976, -0.5321588148384696, 0.014663428989930522, -0.14468411416051363, -0.3165730191613337, -1.3962135562313571, -1.1771709203665317, -0.27030497419228083, -0.3484451115135356, -1.920837255067323, -1.283548669018889, 0.4239587343037242, 0.7353574671500536, -0.09345379362957383, -0.4507071435894583, 0.6920111906119186, -0.3512346451035097, 2.0610820117691415, 1.6216373286849908, 0.8937301061439997, -0.701014283020104, 0.9363092896098338, 1.5576183712693528, 0.6676740422643533, 1.5423387941372961, 0.2747015691074059, 1.851428138466389, -0.07830247754616479, -0.830747770293533, 1.25187249326046, -0.46553185577963596, 0.9333546975167549, 2.395581587890764, 1.5576183712693528, -1.597322267711607, -1.2272299329416265, -0.306997467683134, 0.9316145209018413, -1.0609677141318137, -1.2166481525266588, 0.3021312328980615, -0.6183775187087512, 0.512770276132699, -0.7439847916149065, 1.024693462415539, -0.6284051852965986, 0.2892200622237195, -0.6579525592524474, -1.427711215893642, 0.36046631773721194, -1.1523630215853966, -0.6252383283494393, 0.42118699840133444, -0.24295354514068707, 0.699967955000488, 0.9394690168681141, 0.5915533752276428, -0.07377766445327583, 0.7504630280260908, 2.1191318668418258, 0.5870196446314248, 1.7597407014209419, 1.2999926283122745, 1.1186203686717011, 0.6825695631588001, 0.5680796080922883]","[-0.4396255583811679, 0.004147211991751648, -0.14416225127682936, 1.2951041761777697, -0.24740533012332666, -0.12779499768389369, 0.3295730417848896, 1.076677046026001, 1.6189437750890607, 1.1445379496725638, 0.6383622527547225, 0.8880333695714772, 0.4511824942775956, 0.46223677449312056, 0.46918792065240633, -0.1740465485728511, 0.5869419354513602, 1.054575569179668, 0.8222136873773043, 1.7770833393563417, 0.43053479289937663, 1.5173484034363933, 0.4143492231483436, -0.24281881634502925, -1.10899559064577, 0.3364111068130775, 0.8131652067041834, 0.8547089558773774, 0.19519174335512668, 0.7322073749856143, 0.5941729882491036, -0.3381188045050804, 1.6574558355898827, -0.6713609656498494, 0.11138129422584916, 1.569228793507456, 0.6860494334962244, 1.9472564801311736, 0.6892056761791211, -0.5535001146595793, -0.5237662565572637, 0.8583844034458942, 1.0264538751210446, 0.18687516194677808, 0.5923505173545496, -0.3822234653023538, 1.1610719616949563, 1.8085440393208287, 0.4265752451667652, 0.6386898639076224, -0.517157961007403, -0.03654704088354493, -0.14423306250089823, -1.0246288513512154, 1.1445933908332533, -0.3247624214334162, 0.43901349520331695, -0.22764813376456622, 0.10591955378479338, 0.009692487752731386, -1.0881688696437695, -1.1541606705785123, -0.35021051776597034, -0.5401297322716796, -0.23248589290920335, -0.17373254034884048, -0.7223307712085603, -1.2907344949231245, -0.590372573696029, -0.6321741956589023, -0.6310965880865407, -0.527848091187877, -0.5295317558167636, -0.28384065940002046, -0.6648245136461176, 0.49117405967865735, 1.41145648888146, -0.12373415166111358, 1.2123027735663898, 1.4128390637077894, 1.905514893228133, 1.211676983597216, 1.0392072786333169, 2.1726605416693565, 0.8401431569208495, -0.16796288101498638, 2.112851319326421, 1.0710963544474974, 1.7678274037688384, 1.7837282618613572, 2.352287256615364, 0.7220268519659537, 2.3901931233657283, 1.2738195539635346, 0.8019247899827675, 1.7119870499458383, -0.14250115744050995, -1.4933743371723798, -2.22836184556038, 0.6943114960259623, -1.0259722473938422, -1.9136066122022675, -2.034708779597119, -0.6516166635250049, -0.13861954060383513, -1.3261356573725567, -0.4310540254051708, 0.9419398302975057, -0.9746807975084391, -1.2851270425105537, -1.572305333352155, -0.9785985789675168, 0.00784146497498284, -1.7845628863699046, -1.2197279650724928, -1.170268788678487, -1.0726991869390494, -0.5230595439547456, 0.4468323202362145, -1.446603498727422, -1.5487195050621096, -1.7721867599173875, -1.1949438826020413, -0.9953289786868611, -0.15438520490043187, -1.2020100462933565, -1.1619271345422348, -0.7584513430869971, 0.20312025452620652, 0.8362691761077393, -0.07749573162122272, -0.793160721881959, -0.6936413686728247, -1.4208345076902476, -1.2258772841948076, -0.7038351558267708, -0.297267696598656, 0.22154443876145652, -0.9486770787991483, 0.5121141488682391, 1.0328892667852445, 0.9811305293298385, 0.729387443421183, 0.034272033082720796, 0.7908278460186499, 0.7497877554784462, 0.946027730543693, 0.31707065485487157, -0.2851799874260103, -0.7051086042965119, 0.8542033174071356, 0.1582609348280021, -0.33671822661084133, 0.38039140067666316, 0.6324452231261866, -0.5841378453017794, -0.5839767063925182, -0.22598235856944765, -1.216970431300762, -0.07191302504210091, -1.7351114442824087, -0.9913447176140282, 0.4394057640929842, 0.2405360762904761, 0.10438143283795108, 0.5741724974945923, -0.42538689490697945, 0.5891078046482636, 0.37282736211977163, -0.5830353666415036, 1.375586606143534, -1.7838262121234651, 1.095137195832603, -0.4635777543607623, 1.3871656530347054, -0.26998901765074457, 0.5573842509313772, 0.14025878624041208, 0.5937061389088932, 0.5393334841676463, 0.22376703585029656, -0.033548064219696916, -0.10607965740313037, -0.32359712693936543, 0.5619203761749998, 0.9167444500121581, 0.27675699049914876, 0.10481377503764372, 1.1639261646322867, 1.7770311292859506, -0.23341524239433703, 0.5362641913658815, 1.2414989571456372, 0.3962465684451138, -0.31640854978055455, 1.2525949821908915, 0.7771338420801529, 0.23790414324894732, 0.08144532226151587, 0.4721856952790538, 1.0175142924282665, -0.9644682975849416, 1.2878108975645173, 1.6829802573514847, 0.09336758651572599, 0.5937421704007374, 0.12104880809037036, 1.4068268006042974, 0.6644854041016305, -1.2583295332626967, -2.3639999173724777, -0.5287530819075035, -1.8215086982965032, -0.9085451114609616, -0.03007060543731094, -0.18916063358428833, -1.0514188564364038, -0.7309166252197523, -0.6477565294050642, 0.6680753374731374, 0.4420085359379558, -0.9419303052163039, -1.397420054128657, -1.6020067686403257, -0.4741041550885504, -0.6988338991230203, -1.5925759822091368, -0.2440521290628739, -1.1782614881478504, -0.4097833472702523, -0.02822905666691087, -0.2905566433849783, -0.32690778325660497, -1.205181347374507, -0.23543180646843032, 0.2593435110591616, 0.10376976448760108, -0.2997530846126165, -0.9297781736268417, -1.3437153406032378, -0.8405897441769661, -0.6445716070033282, -0.0010457248426080762, -0.8539374203187642, 0.10657722316205914, -1.6560623536968204, -0.8988949027643759, 0.0001536961338722373, -0.3010581385890666, -0.7739218847767247, -0.6728657347387527, -0.3059571987102679, -0.18012654853155702, 0.014705612237743703, -0.6584476933956038, 1.4219575401720697, -1.6545213818778204, -2.4138187177246437, -2.836494080778776, -2.6537580558530265, -0.9614708284257202, -0.5021739854856456, -0.817556929051462, -0.707385033662327, -0.8545780965749799, -2.1706131200944574, 0.24132613608555956, -0.3630339379306009, -0.44316069066968533, 0.11112291452638695, 0.09172622599834804, -0.3318059187684145, 0.2819493813983187, -0.12035892064808396, 0.4686196497284396, -2.013934878820653, 0.32680005704095527, 0.16724816073715948, -0.6847076828417156, -0.8229149826451191, 0.5785328141943243, -0.8096395151350778, -0.8892109898645093, -0.616935280611777, 0.20302945951836537, 0.8142140579174718, -1.9610040896107754, -0.7280582244704742, -0.2883680970554119, -0.26912138959966214, 0.4243471170685551, -0.19708469992129982, -0.6472872319837242, -1.9030871612980325, -0.9166569286471312, -0.5889493529461398, -0.8333086002483435, 0.2830254751571491, -1.1612925789523803, -0.3459764712456756, -0.21534637071485008, -0.47474870260435276, -0.4003558026027345, -0.35520948941260266, -0.7058153014063151, -0.37322717132535826, -0.9218870963922974, 0.01872921737533462, -0.9551965533634209, -1.1371960274058668, -0.4463839919977944, -0.28615183843729736, 1.1159409681963302, 0.9230460929842871, 0.1922895099462158, 0.49579622051696043, 0.7968840670267868, 1.3231786661110523, 1.537571288921164, 1.2774991769678568, -0.6457808133359544, 1.6779430023490993, 1.1696532421839438, 0.9593964508272268, -0.025877239529909054, 0.781641078435689, 0.7941102618099872, 1.0499609757377297, 0.04237271340000323, 0.4557375139967932, -0.6155920911945141, -2.6321241070557484, -2.786703005884726, -1.48697504798078, -0.4834245404324514, -2.7292779677084926, -2.206744457805545, -3.3598976876406113, -2.280397236352197, -2.0239395273208594, 1.6490573040706542, 1.4176557459114096, 0.05639878268753711, 0.7134555135766362, 0.5361082727187896, -0.4528659345392274, -0.3046903561535504, 0.32622907290117636, -0.9880523723535303, -0.09565839778457763, -0.14967252760315786, 1.6490573040706542, 0.3633431868205275, 0.6767290298495678, -0.8386527160013574, 0.9951129298241397, -0.41933655926458524, 0.2418056996697615, 0.2431426228119116, 1.5915789340241913, 1.4379960000807441, -0.16767330380578288, 0.4714938860469704, 0.5105534805192652, -0.23028263105289437, 0.7458685948939989, -0.28614592084414414, 0.4718712908290116, 0.03798758133475351, 1.0138357526812363, 1.5357885603528112, 0.7932584994483374, -0.622804449663416, 0.9905481774065936, 1.8253060325863082, 1.0755660264334537, 0.4589633501166512, 1.169123148278688, 1.6858084619412539, 1.450934301361447, 1.0365693092286747, 0.21125916494476193, 0.8567317968757037, -0.4743480427206243]","['v36', 'v24', 'v3', 'v37', 'v84', 'v13', 'v43', 'v86', 'v57', 'v30', 'v58', 'v16', 'v4', 'v97', 'v20', 'v96', 'v2', 'v9', 'v112', 'v32']","[np.float64(0.11765116202900507), np.float64(0.10874395605289681), np.float64(0.0926318124294149), np.float64(0.09068164802785589), np.float64(0.0678155332095705), np.float64(0.06567671796771123), np.float64(0.05090017238928757), np.float64(0.039927448315897986), np.float64(0.03391065692837739), np.float64(0.025190697703743672), np.float64(0.023007813879691127), np.float64(0.022030770206986745), np.float64(0.014036923482400116), np.float64(0.014007635982415128), np.float64(0.013149573526171396), np.float64(0.01090869339257144), np.float64(0.009328617042045908), np.float64(0.006379622754560348), np.float64(0.004931947517097584), np.float64(0.002311942823441763)]",4.244800363731878,4.323882679471997,4.111252051503141,1.3651066841373876,1.3313070821123685,1.3536673151167946,1.3238504653569563,5.671107224977003,5.671107224977004,5.530205097683462,1.6968357741768565,1.721582150233639,1.6602873559022624,1.700180269706089,1.2017020726217063,1.1417312607597652,1.0578436231086084,0.17722578954071838,0.10639319997409524,0.02128580455445705,0.013916653351577268,3.819830389961459,3.8333332933365365,3.725545696588248,1.2736631170534585,1.1468526220600628,1.2518221122231061,1.1054366890893221,1.740035959745461,1.6672205098441248,1.6413320219100664,0.8393750741606837,1.0123890731718845,0.7962855917181829,0.8306155529129411,1.1471910577732127,1.2972592222649995,1.0863487137133587,0.2869784766474887,0.2687344616308466,0.24258054337514875,0.24035657687352857,False
f818_c,f520_b,"['103', '104', '105', '106', '107', '108']","['459', '461', '463', '465', '467', '469', '471']",f818,f520,False,0,lasso_no_out_standard_k20_lda_nc2_sex_on,lasso,lda,,standard,20,2,27,6,7,True,0.9936138987541199,0.006386081222444773,0.9990485906600952,0.0009514490957371891,0.5238365530967712,0.47616347670555115,0.6987160453008374,2.254718105993279,-3.1095915733065658,0.399922070673299,0.045767824847241845,-0.04252021648612686,"[0.08138823893204661, 1.3628998377063404, 1.762591876991706, 0.0001043930801549096, 1.1033003013163951, -0.11798837622161842]","[1.8632563395609734, 2.7511035494936658, 2.431032096825219, 1.9556330434149478, 2.1057142171528245, 2.421569389512044]","[-3.804964746351089, -4.096385279235171, -2.7432696110009664, -2.358888318831525, -3.20179805618527, -1.2762461569649377, -4.285588844576997]","[0.6336281486773104, 0.4263591677366064, 1.3260166386347585, 0.1475346222368721, 0.05889311303152908, 0.029479372777637805, 0.17754343161837863]","[-0.12541369981868572, 0.7407582595771269, -0.3826732168909792, 0.9135377641299619, -1.203681668553352, 0.9548763316943663, 1.022000450031327, 1.0678812617327216, 0.816583220020354, 0.8297287194519287, 0.007481531441757625, 0.7756046054143717, 0.7545174306506833, 0.922401517482441, 0.26604520196949527, -0.4021371525227283, 0.03493846429555564, 0.7673281398519075, 2.236259696660545, 1.7825743560760146, 1.2757185405752909, 1.3503409938881181, -0.10059210538243138, 0.5025567549798265, 3.367191547938824, -0.25816909704764957, 0.06734112600249009, -0.08285964132966446, 0.2185545638544172, -0.039471769914536714, -1.207172181788611, -1.3607742743409934, -1.2354483264417262, 0.22393802787536066, 0.6298974776089186, 0.8998836078356635, -0.44155203423204775, -0.29534300181118484, -0.17285515599765144, -0.5310519477908145, -0.5785998239294128, 0.9238327829768183, 0.6192710842285981, 0.5626573818705659, -0.1835473127177604, -0.5208159638214857, -0.44469919233470623, 0.25724198097977474, -0.6749785321747199, -0.18340642178822467, 0.42585261727757306, 0.010272321451524593, 0.07356607799977889, -1.7305637633996473, 0.6842674775406197, -0.49844726221946645, 0.0868726949791932, 0.05923925524418909, 0.40758677325677733, 1.5718504901188945, 0.9564891153880403, -1.0413823467051244, -1.9439987283653235, 0.5782974707560435, 1.9568026281139799, 1.0124711692654527, 0.9766315035862093, 1.1849003449600173, 1.2324671063704067, 2.0113976049066506, 0.12651349773925888, -0.3900890793219387, 0.26182236845043644, 0.0698486839928546, 0.5656237202073517, -1.7189187053791182, 0.7258039434712537, -0.37594264335579675, -2.2897543156599824, 0.2632281510218838, 0.9452963308915605, 0.2592429297978481, -0.24973168606862917, -0.5761735273486639, -1.7238168160687743, -0.36863882244612095, -0.545220272047707, -0.5785279717237879, 0.5834844242671937, -0.5927490611692973, 0.36131004753740276, 0.6225832736171577, 0.32394402862247873, -0.10368069604552414, -0.7239907536436623, -0.34386976641058414, -0.11320602637055154, 0.975533910291936, -0.1059040610070009, 0.3651650609642014, -0.306213614989496, -0.8390507366134212, 0.3254727639943142, 0.4175093890625367, 0.3832901238622284, 1.4442184906806048, 1.3274929999630063, -0.7824600322243578, -0.23958113558073774, -0.054918128349691384, 1.780149357945716, 0.6839706368555435, 0.6127481814303298, 0.20067885690232584, 0.8739940864629174, 0.23336551791375906, -0.1483853080517783, -0.004319402371573418, 0.8849360684295522, 0.8071919030630412, 0.3174201961559634, 0.8549202975338147, 0.8486980456554245, -0.7228644422308658, -0.6920654670396921, -0.0810427474489211, 0.47919433322706195, 0.8650511528608258, 0.6234121069092107, -0.015970935922889274, -1.0032770375714297, -0.5750698735153942, -0.7795950906692816, 1.6260276954262642, -1.6700808609821252, 0.7801990969689871, -0.11883135964430419, 0.2935592169573258, -1.4858559023853128, -0.13862513488802844, 0.11286487929279074, 1.0242450402357648, 0.48181764632029056, 0.494584543001656, -0.17492782719330466, 0.8274211305588591, -0.6611699132396849, 1.5758788591118984, -1.6802931201597309, -0.12623310295762447, -1.155495485471397, -0.5659213871736545, 1.054159469746178, 0.1868813645703151, -0.7300286532945992, 0.7637344113134865, -0.21167325330160078, -1.056611578927581, 0.07772122298800543, -1.157745671688295, -2.5970195526824504, -1.603866763561894, 0.5004412121956857, 0.6613064049264442, -0.900219480228345, -1.4232758126575924, -0.2985173894632557, -0.9906439887676388, -1.2762470811289508, 0.5359211174406628, 0.4004583910273688, 1.0278421215340745, -0.3889598782515808, 0.4560419940145273, -0.05430236337026584, -0.956601307377291, 0.49868820452798535, 1.0890672728974846, 0.4498398717515511, 0.14589807336437693, 0.8399550466918524, 0.8063586684774956, -0.14848388045694277, -0.5710814957551859, 0.06246226774982224, -0.19224010728411917, -0.194245063337484, 1.1785414399398162, 1.8326703448928234, 1.4153654950683858, 0.8824853402089516, 0.10720672104024337, 0.38715734426718773, 0.08055171221227592, 0.9715445980926957, 1.4802088423519197, 1.7106779098143068, 0.010351882970943731, 0.08001782071067465, 0.5830329334119099, 1.2443900710634468, -0.805586385601078, 0.4749452962097757, 1.9356294237057479, 1.31192467695319, -0.5027309516769577, 1.4272899630161067, 1.3571708748892979, 0.08995432124605313, 0.9973992674715818, 0.18045521588125163, 1.8371235761454472, 0.10466122953036118, 0.05987568713508257, -0.17681081176731014, 1.2624747416574071, 1.3835918445680135, 1.026247181373385, 1.400091106548774, 0.8845593632358477, 1.8084281420758288, -0.5406191628020833, -0.3924094318147318, 0.07419089886233646, 1.0597136414566468, 0.7405026679709591, 0.11347976038274277, 1.2818748389906827, -2.346446685967155, -1.8868178296610594, 0.7455904043556482, -2.6556397193272603, -1.5419361656178057, -1.4081736873035557, -1.2710611167043633, -1.7298402400411614, -0.9233493427410202, 1.2910079205421248, -1.0805431672182118, -0.20583977334564546, -0.2703573722676317, -2.5050363123911645, -0.49805216803546765, -2.253616791971391, -0.7379283223144265, -1.6791893679487369, 0.22278134352083026, -0.6490915329610594, -2.314754093782067, -1.5464743746214134, -0.5473279199820392, 0.32195487186901245, -1.8754673192006412, -2.9088732469748475, -1.1765729542345642, -0.6231511975318587, -1.3912259009019026, -1.143034983967919, 0.692664353984775, -0.20033018915892756, 0.634173721635406, -0.3115363137752602, 0.19207334611927823, -0.04916263104604746, -0.9800453826045978, 0.7467729414082159, -0.33744502426596223, 0.9194178199359022, 0.8241692914930874, 0.8235345270546844, -1.6824861203628159, -1.1037945836080747, 1.1194226147491675, 1.0503834751921193, 0.2989051933274417, -1.68695196636276, -0.54241627842275, -0.2753765288734675, -0.48338909529785234, 0.8084092919415663, 2.0834518930369748, -0.12063060294620731, 0.49245141140397886, -0.07736825693841308, 1.4655807630920052, 0.12582914918028873, -0.2098165209007037, -0.4970233959972896, 1.1888401635217478, 0.2392419505665003, 1.026408515395529, -0.3451841177086047, -0.1074262494826194, 1.1636032947029469, 0.49503259297567553, 0.08625543079870238, -0.044455453789570824, -0.33282884418141995, -1.2162364251028852, -0.6729811063772096, 0.5406704200575521, -0.5716334274881015, -0.16420792249757962, 1.372924698036596, 1.968846722874509, -1.3859287066336818, 1.420816123501199, 0.4368333622482048, -0.05151790739585203, -0.0149683545510919, 0.05685687279142638, 0.6262139475736925, -0.9341537809211683, -1.8777324123186174, -0.8093527216730962, -1.3123659909408187, -1.5538167731523824, -0.2894569175138175, -0.752953465238805, 0.3325076955795524, -1.5703575350095227, -0.6959871940792925, -0.7624174384545511, -1.4849941053377989, -0.49478758259520766, -0.19324990288819435, -0.7777617704427354, -1.3538292093772788, -1.061131279834255, -0.00041671435206546017, -1.0794334251167577, 1.1728386265787674, -0.39787846897632256, 0.6448715541899454, -1.3241624929235618, 1.4868857838363014, 2.3763383331237296, -0.08916201920271892, 0.2850374777849242, 0.38238991368775116, -0.28203634065278504, 0.9420257877146567, 0.6562058347622681, 0.6614053284826489, 1.7244370175653823, -0.861390902596977, -1.032942061582121, 0.0846033906621868, -1.0389431490540835, 0.05576224084405494, 0.5506488382411817, -0.28203634065278504, -1.6087607934748205, -0.8276422516806716, -0.15279243270508988, 2.105991017747577, -1.3966001237476582, -1.8569257643389945, -0.457435014424917, -0.4484900392064524, -0.8774204738854641, 0.9971775681370818, 0.02088416162215022, 0.8340457863108073, -0.7977703738218385, -0.6102400411857427, -2.559601502317787, 0.8432133309845069, 1.4721129183034123, -0.6603921292581107, 0.9040203261184173, -0.6363871072910855, -0.294877320139518, 0.5242677006780385, 0.14321432875127396, 1.0864281411806878, 1.208988490519144, 0.6993450054576335, 1.0542747688037337, 1.9058997046897133, 0.0003697496411258499, 1.8901232368792917, 0.18392651562491483, 0.6463472798243697]","[-0.013437045250425956, -0.7923708078012401, 0.043921525158169834, 0.8322233789209168, -0.8819707898940712, 0.6720388984172215, 0.891015639609807, 0.663132291539032, 0.7979360189937869, 0.7297582831128636, -0.37236619045096764, 0.2761212585097703, 0.5088100353619152, 0.22831515080947976, 0.6930678675757788, 0.29873506927975535, 0.2709588185883247, 1.3939363782460816, 0.3000773837693618, 1.9051024799537073, -0.32582225160041184, 0.19519826042312538, -0.6469787714995985, 0.024391818047023357, -0.887912906810512, 0.5521019340733007, 0.8605974391461645, 0.7663923240271161, -0.6785997327475332, 1.5861749164214916, 0.6374519700177794, -0.5131969864597296, 1.4506508122598476, -0.19841259696310298, 0.8682771652011047, 1.1627169966763853, -0.6591221982005521, 0.853664724982031, 0.8039297102057266, -0.9966275830035372, -0.7256708693906786, 0.9339050366693392, 1.2891487514006965, -0.21274422818627012, 0.0792929218098035, -0.45567769494293653, 1.1603690698879778, 1.7701743689883978, -0.2677284061606596, 0.7618579012175759, -0.2897124680576251, -0.3058456385084343, 0.18476206894893724, -0.3169389204557931, 1.3021276689614856, -0.7603081882453658, 0.11475537171164339, 0.3005726479319622, -0.20905712174229188, 0.5632482467752676, -0.9261946396995544, 0.4634591405345666, -0.09137266644442543, -0.6945484024569475, -0.8919095950138647, -0.5362188585113694, 0.06255077353776407, -0.857228418691472, -0.8712567277386528, -0.8255866133018532, -0.04717692126825842, -0.023923677748554164, 0.33388813592607214, -0.09833658971044938, -0.08599326664263357, 0.7474494936451428, 1.1358783655229179, 0.3380876707546232, 1.702837969374217, 1.4583180555667143, 2.092043805656411, 2.2416725841064307, 0.07864402486832708, 2.446831313962156, 1.1600603260972304, 0.2528754836969183, 1.9666152949750002, 0.3046360839185252, 1.8547971886378494, 1.5496188130596178, 2.1732918036328597, 1.9716771989055213, 1.8025010682189704, 1.1991655743130605, 1.2795888059053357, 1.443605160305632, 0.6942321873656605, -2.7846092200854375, -2.0655971939709974, 1.0191588987811644, -0.9268239046844515, -1.3918392993541868, -1.1177058908247122, -1.1723901503508347, -0.7068391908833909, -0.8696444001152388, -0.40258479468460595, 0.31051657236681296, -0.7170322635377767, -1.7732215658094197, -0.9979204280563914, -1.2319588029526365, -0.7770739227222839, -1.596112362536872, -1.2137799494063817, -1.3206726313169137, -1.4070428453757051, -0.619950152242567, 0.280029593127252, 0.1588226899024846, -1.2562766975275221, -2.1936879449654016, -1.2434835733582426, -0.6136627489014169, 0.4051018965775626, -1.5257204293459312, -1.0373556202374625, -0.03491475241991093, -0.01721889759701018, -0.06384988781758427, -0.24099869720978848, -0.6276613517474512, 0.04884673991122217, -1.4109715038194461, -1.7650606187181048, -0.44348943371004923, 0.7315246132123168, -0.06461220402605991, -0.7154053816608339, 0.8622504700696475, 0.04224189835327002, 1.727751868083048, 1.3396308316204675, 0.38839809517985663, 0.798388558505635, 0.9779376646018604, 2.19912144497512, 0.575575139898087, 0.34396558296281426, 0.10719158575776985, 1.568004946575682, 0.07104875629761649, -0.7732705038952152, 0.8389070015349447, 0.32851958828917077, -0.1383094439594491, -0.18587120501981402, 0.054978702644663466, -1.338283217824717, 0.1564942848289976, -1.4046504997770795, -0.39458000608976185, 0.08509361611252106, 0.6466700884502641, 0.0832513138849311, 0.3624797901379261, -0.4345132109637154, 0.542248791246605, 0.27775463918030413, -0.14445760722619155, 1.7682806247017189, -1.4339567568393072, 0.8466611725268779, 0.48158215893811446, 1.201485232301331, -0.014651713451498023, 1.2376740886527284, 0.3226541447176901, 0.03987217908051272, 0.8050390306086279, 0.8591896277507711, -0.2610042161202654, -0.05484083242454883, -0.6862813994821221, 0.9635221613865321, 0.9186854837836788, -0.19230631688673902, -0.4709647561545913, 0.5240285935752097, 0.658722372206337, 0.29663769834106873, 0.4319441995772888, 0.26748867751860705, -0.3240910958932403, 0.10975032149094169, 1.231027670769998, 1.1338964055168677, -1.2746089099695501, -0.11220459761929091, 0.2706189283085985, -0.2454509655119891, 0.357852522160352, 0.8454953970054898, 1.692543680447073, 0.36161115016156237, 0.755184244101815, 0.2984360919481145, 0.3263315670076054, 0.29939454368321217, 0.12921145487676533, -2.356720084272793, -1.0469676312422995, -1.731179384079729, -0.7240442757076009, -0.34638481125203147, -0.5577059123645235, -2.175491210708574, -1.0069728982861417, -0.10123539440817046, 0.42096067725985037, -0.45064731540428615, -0.6025714883956668, -1.992558852544758, -1.6513014590755868, -0.7937983325234779, -1.0154773061417908, -0.8347150452834448, -0.6444354097884316, -0.8154984965102725, 0.9065186615228689, -1.2209178155183897, -0.5866659829595313, -0.3266800418483862, -1.0712756725300128, -0.05633695271063904, -0.044163965093798246, 0.5704816124170093, -0.7055931112489994, -1.2382036879766107, -1.0405598140142647, -0.9638452688086057, 0.08194930504063637, 0.07458699656500298, -1.2534572654976797, -0.6805944815199918, -1.3222556506066956, -0.603678509545243, 0.5808954007525461, -0.6642013911477078, -0.6996771931507328, 0.19070594717156475, -0.5934190186773203, -0.21691626369516961, -0.1385550912058629, -0.0661025730523976, 1.761932201376123, -1.6986528366538844, -2.764181358522887, -2.2585077199503876, -2.789332399451286, -1.3490311543231743, -1.107675747767496, -1.6295532418675853, -1.489876959352996, -1.3858604941182937, -3.3414109288418627, -0.6367977940616446, -0.651319038759473, -0.6615817427654841, -0.4664314110253981, 0.07364916474962564, 0.530318103910983, -0.11149005017284644, 0.04134929075057116, 0.23535201935663075, -0.24222506627525942, -0.34248132217052374, -0.7932455882130178, -1.0896413722809275, -1.1650937399949137, -0.21913289039352007, -0.4383328247514794, -1.1830311118665142, -0.23945155059723183, 0.025215727060622337, 1.0924498279014616, -0.8017009826419402, -1.008730709239358, 0.38487992520825165, 0.12441685318849376, -0.49430891669646476, -0.11793832984738702, -0.7701182915219343, -1.498954175873623, -0.7561439160655699, -0.10296951796245789, 0.10560441349128974, 0.9821200649647499, -1.591036516509461, -1.0227374623067262, -0.4693798901399941, -0.7249092264282074, 0.4500531079119596, 0.1801544573541066, 0.18958472397082998, -0.678742937727434, 0.1914054492192176, 0.6844055866802365, -0.25957875394482516, -0.47894976170870385, -0.6733224605132326, -0.33991495198896354, 1.3371543802183175, 2.026370630671622, -0.1323592440443846, 0.7205935331146142, 0.6296444418087893, 1.2486917120698042, 1.3798556983228847, 0.7004806354382874, -1.0454519433345757, 0.6837417478474388, 0.6616326558778257, 1.1222606766964442, -0.3868967936202708, 0.1659196379860287, 1.0824899101759193, -0.7460510426923028, -0.9309529458996026, -0.03888169925448823, -0.5299616804697936, -2.8622367638549497, -2.5578839876195203, -1.309449654799034, 0.059846664841047, -1.4529363892226395, -2.4980975800132246, -2.7231391523566177, -1.584354992932422, -1.3909923826662678, 1.818322804578046, 0.8709605678739285, 0.09603782834282273, 0.41496203615714433, 0.7101461069828088, 0.1864199738658694, -0.31187427017177205, 0.456539868223076, -0.8799107617093059, 0.31604813778181334, 0.07994274591888707, 1.818322804578046, -0.01548553760616281, 0.5130004749488023, -0.34538083887816196, 0.7980393370018629, -0.6821514065387749, -0.5374300473555184, -0.04775266680089425, 1.0268517908446857, 1.097507000439847, -0.08462949749162424, 0.13806829390230996, -0.23002064915301806, 0.10833619719431212, 1.0757793870215422, -0.2335669913987442, -0.3840667060747403, -0.3128149873213427, 1.236155864182303, 1.8918674872660086, 0.6110963418726418, -0.8026513027093097, 1.4719357137828342, 1.7647231045493148, 0.8106273184012698, 0.7894512231971247, 1.6430164517211072, 1.9217266066526348, 0.637947994056104, 0.9614638732576422, 0.10542966101213132, 1.1215533242889555, -0.8320054450321154]","['v30', 'v37', 'v2', 'v58', 'v84', 'v1', 'v57', 'v83', 'v68', 'v31', 'v60', 'v91', 'v115', 'v43', 'v88', 'v52', 'v3', 'v4', 'v5', 'v6']","[np.float64(0.165413387164234), np.float64(0.09719799974029851), np.float64(0.09070363050893114), np.float64(0.07555412585479193), np.float64(0.07493745946742625), np.float64(0.07344056869805289), np.float64(0.07150851600966658), np.float64(0.06425208124073964), np.float64(0.0601190090724977), np.float64(0.052233220970285286), np.float64(0.01767394743554322), np.float64(0.016855916192409306), np.float64(0.014723901031658165), np.float64(0.012449380021622911), np.float64(0.006992026988912739), np.float64(0.005624746983815965), np.float64(0.0), np.float64(0.0), np.float64(0.0), np.float64(0.0)]",4.235973943567395,4.305966433117131,4.35953342389395,1.1132815236266125,1.1133577909458043,1.4818610779488957,1.3475349213212595,5.663103653927383,5.663103653927384,5.5710666528746735,1.3796325363055348,1.2643699399761996,1.7983450984148812,1.7540836253075707,1.171743139422458,1.1311278981053106,1.0229077873611827,0.08464833288185591,0.09481215971209522,0.02313482885128305,0.003637262474187275,3.808307618607403,3.8672454979926325,3.9323749441483438,1.041124155191682,1.1031959082362401,1.3710353434957598,1.2671235256032294,1.6986996021619174,1.719820065768958,1.8179000122786868,0.8989702292693327,1.0439419631715994,0.8330010779083372,0.8568751135745406,1.1179717888750946,1.175404974629871,1.011219324882814,0.23178655428780906,0.2453344150608384,0.2784040610728064,0.26219332992162686,False
f818_c,m681,"['103', '104', '105', '106', '107', '108']","['490', '491', '492', '493', '494', '495', '496', '497']",f818,m681,False,0,lasso_no_out_standard_k20_lda_nc2_sex_on,lasso,lda,,standard,20,2,28,6,8,True,0.9936138987541199,0.006386081222444773,0.013744175434112549,0.9862558245658875,0.5238365530967712,0.47616347670555115,-1.4999516341999002,-1.8706356129587327,3.7646638026093906,-0.5307392683860105,-0.054993751603322115,0.04028574954385556,"[-1.5876117322625236, -1.1392729337052168, -1.6619417027482841, -1.1923290464371719, -1.7783663505041907, -1.6401880395420139]","[-0.9146295098658641, -2.92423786030026, -2.2132804629007805, -1.3042123122083704, -2.1538711771781744, -1.7135823552989469]","[3.9261557177534785, 5.02050613462393, 2.1013638234870777, 2.9053918357361797, 3.9000064315161596, 3.5823068358127594, 5.512090181722134, 3.169489460223408]","[-0.6422863362522725, -1.2874496146979684, 0.1261358355090823, -0.01902499670658583, 0.22213427609686937, -0.6405844206306175, -0.29630499180386044, -1.7085338986027312]","[-0.31769827033166037, -0.7604083073690941, -0.003577789278910645, -1.2498715175623507, -0.6310980648377652, -2.445101952219735, -0.025128525274593094, -1.798476215931804, -0.38353350372293954, -0.4391794140110477, -0.3505538695725784, 0.5268669422098092, -0.47750212672318865, -1.5289374651468028, 0.40502818423297865, -0.8424691046468161, 0.7076151254997979, 0.40823647374202726, 0.11495087229079563, -1.5648083474283612, -2.4291897076405977, 0.8559112836165134, -0.4834103009225974, 0.431309084864777, 1.6453545692391411, -0.2533793497440763, -0.6478499896322428, 0.4581750718138664, 0.2055721224867191, 0.17807878178221556, 0.7024600341109217, -0.1706918665115244, -1.4895361132522609, -0.8765755467212298, -2.4268045940628236, -0.32838528997104255, -0.7158544293257183, -0.8597219314007887, -1.2849012015192711, -0.6214669854554106, 0.6249113622111129, -1.7774192276275445, -1.8105301962799998, 0.5851553100397363, -0.1540070741094062, 0.2818417201175981, -1.5319264726762079, -1.999626507958, -0.41637806572105013, -0.47814703247949586, 0.1085494664950914, 1.6474332795296063, -0.3161737004678343, 0.9677828184630675, -0.5421212953439659, 0.9799479541206468, -0.7453675730546884, 1.8379765556750751, -0.25620589486256384, -0.24695647307013205, -0.40472085686067116, 0.970615130693463, 0.24990708668664266, -0.9658314473775285, 0.23097585791842062, 1.3387791827320252, 1.5904255995265173, 1.9407601187275343, -0.2981193417767432, 0.6177652422550534, -0.4389727329767675, 0.23493351298231116, 0.7447351851404022, 0.19158255724326353, 1.393867702423734, -0.885781941001117, -1.3957477047188882, -1.073302246188059, -1.2498434979869288, -1.8722801165744305, -1.234349978376088, -0.8525463450736309, -0.12069857549468185, -1.6371546309142753, -0.48831000603179336, 0.7240795344760748, -0.7133453304866217, 0.08774558709491867, -0.9374980511191424, -0.12579694900047364, -2.6774859478101463, -0.5698884824512992, -1.2355744575149201, -1.5268933828642022, -0.9215831511821709, 0.1204722375401438, -1.8154883550657532, -0.03269960389147105, 0.6160366283792775, -0.360783823826182, -0.8378078268114364, 1.6147493195200866, 1.46808252770446, 0.341818139820225, -0.4797216671079896, 3.9503715007527624, -0.07662707372639117, -2.0135595988017565, 0.7676843470743359, 1.4048715618082677, 2.0593845749359097, 1.0994466488351193, -1.7132232799575227, 0.8427668032495573, -0.7703530329396077, 0.006287811036458748, -0.7676523690507437, 0.09727941989683492, -1.2758310813291867, 2.093158491445907, 0.917615484141311, -0.03307824536003106, 0.11730637363208749, 0.6766921315084573, -1.644360321333371, 2.1480642695482155, 0.9962353094787343, -1.1218412043323582, 0.6660568288335361, -0.2115188272076628, -0.4344787606881154, 0.6300925619982467, 0.6664068416893563, 0.8586701023094252, -0.2333853137228106, 0.47613581953338924, 0.36927466281528615, -0.43320426194215217, -0.3931594994308577, -0.8423235399195846, -0.9456743366061816, -1.803558882459389, 0.3100001682174097, 0.17727219750695292, -1.6182434638369783, -0.7988297173632934, -0.12904363710327887, -0.0455319084206393, 0.7623160731555173, -0.3734644409895561, -0.9160247400431543, -0.11607150998128928, 0.3727201530790575, 0.5510811475529364, -0.9606970549306069, -0.4380081384107642, -0.15213983988104582, -0.4249821150319323, -1.5562612248944014, 0.3857200317452557, 1.0338505203350152, -0.9762988027571948, -0.7331130860652364, -0.01581189157287742, -1.006470561062033, -0.6922983327121015, -0.09476131757892813, 0.3441690502745995, -0.7836174818603755, 0.03235290112983252, -0.9674700298377295, 1.6244222872274972, -0.11423028825154609, 1.3304915769946224, 0.5053565843239245, 0.03597328771127928, 0.00402314478609335, -0.40768690558911486, 0.9353988208744443, 0.1463951929480441, 0.36467778508133414, 0.051001304174420066, -0.3615230512928897, -0.1849683536964905, -1.035969751529154, -0.8437640548785111, 1.3320998820895296, 0.3420092045193006, -0.08015156472970938, -1.0165940873982529, 0.5352178304887164, 0.7060592654970669, -0.7617215795413763, 1.4348076955312363, -0.19858921156490125, -0.2967537918740956, -0.27656821625566047, 0.3583141983236319, -0.48143753188861715, -0.5875534951557633, 0.20051929147797118, 1.2929152106952218, -0.003286729615389443, -1.2456324238388854, -0.22096118301710185, 1.1699925611624202, -0.5039360569740488, -0.2843080813449835, -0.06100823022803953, 0.007609139663373041, 0.5133943805111477, -1.1297608105694608, 0.9911167423346974, -0.8753732909488903, -0.3768045682217867, -0.1697103386278019, 1.4914299931321553, 0.69606254250543, -0.3673006850134715, -0.48343817789644006, -1.4105673110829862, -0.35743745615357403, 0.19964487377025802, 0.9062475057350294, 0.30557438489365113, 0.033515334438011746, 0.448157546859268, -1.721105424365929, 0.981666517786264, 0.24798770569419112, -0.6013488540260339, 0.8901847296271864, 0.7494857303526686, 0.9405457470315651, -0.2489205786825934, 0.9321931070014461, 0.6800948742541246, 2.130785535116058, 0.5524235774898969, 0.9956028630237048, 1.2642343338959998, 0.30272551968958394, 1.2056301319710985, 1.9500796044791853, 0.5933414280843682, 1.6679946255806104, 1.5135937944869546, 0.08421500279404164, 0.2768344734614359, 0.500399494327258, 0.27724198501772335, 0.8838367432973752, 0.7683892282149813, 0.427867241326017, -0.07273246459969822, -2.309088279954934, 1.7461250410462337, 2.85196038916743, 1.2116431688438645, 1.8685377063864543, 0.1394453931765233, 2.059613515655564, 0.19307261542806442, 0.17980262096785968, -1.1204726270835055, 2.4412034506741427, 0.675569190274687, -1.0447332585854172, 0.04181104106884472, 0.2825214723480881, -1.5733755613954037, -0.10683853403668477, 0.49398580451136853, 0.8380017569675835, 0.4979163621984034, 1.2575777087712152, -1.9499694866119757, 0.9601885721840293, -0.34173326489967243, -1.393751305558572, -0.7090546557913033, -0.8970701745867075, 0.8187170134914393, 1.0336089605154093, 0.6674548896494026, -1.644333956219351, 1.660956169820153, -0.9751235039852998, -0.45773140794976663, 0.17591332885301406, -0.39248164737905045, -0.6293598460700699, -0.014491881900704412, 0.5425865521906922, 1.8728098023279482, 0.9067946058178463, 1.2424955482789508, 0.3259245717322384, -0.5009182389874006, 0.7663711325108333, -1.4278232693098813, -0.14264545811526147, 0.6724611424266048, 0.09139201011972974, 0.9972146897934565, -0.8529205471649594, 1.882610675120605, -0.3567081529866323, -0.41781283631774907, 0.39695274415559767, 0.34624011483139966, 0.2521502666046225, -0.7042286623250537, -0.5057366842226785, -0.9383346374490585, -0.605046186325307, -0.7155112777632122, -1.032052988519941, -1.6830075200149315, -0.48339096900380724, 0.1569600809534035, -0.9064458704612579, -0.8831805059815226, -2.3930180377038224, 0.9687911953368326, -0.9026846384622094, 0.663605642866076, -0.606418452476085, 0.35263276932964327, -0.526196116943748, 0.04096816475050596, 1.583446234844893, 1.0247754000031697, -0.3840718820938398, 0.6451442209389591, -0.7791901393604718, -0.23388403823564735, 1.3183821922215877, 0.5398553427091464, 1.273594397971295, -0.31285313608800325, -0.4838475839199899, 1.2786597734699612, 0.580022234309712, -0.5255974444761757, 0.06647402532443532, -0.8227935058094642, -0.018744097523606045, 1.6404863099733427, 0.43032841557396484, 0.21856529351430443, -0.31285313608800325, -1.0009498217883304, -1.2366036537593035, -0.7786822396373679, -0.9581621379029845, 0.19195412489054076, -2.619957681873681, -0.44184492750495397, -0.5134747212981573, -0.8133213589432164, -1.4429096618576587, 0.11434135829972501, 1.1196423248238119, -1.408090756813904, -1.6487117746443471, 1.426969973658836, -0.35710471195077187, -0.05956622280489627, -0.7324545986201243, -1.7842725445606773, 0.2242136511983372, 1.2170839439316552, -1.0295385799358707, -0.9475953553453166, -0.33944874075214787, -0.569323362023604, -0.8205395956039404, -1.3815128004303252, 0.5952015029086247, -0.754786550617799, -0.11444912098113169, 0.9299095696711392, -0.9566547576047134]","[-0.4590764719408397, 1.453378293819255, -0.344423536056775, -1.5483882470990504, 0.8012967640554142, -0.9252283110843967, -0.02805023583406998, -0.9066813088287513, -1.1259992614376029, -1.0562848140106094, -0.1583043487267023, -1.509166601056431, -1.4119660483999814, 0.15755904582795277, -1.0873299781715706, 0.16486218483245973, -1.07109674542902, -2.0661321416267175, -0.24722541552853905, -0.17483669194116203, 0.5867707752883582, -1.1556117652980975, -0.4267203957381788, -0.08271987764940168, -1.4907618041601518, 0.015833084702536023, -0.7775308943920971, 0.14444126775945362, 0.8060513521998446, -0.1606177035932904, -0.3670376315888939, 1.5228971816628698, -0.3033890582041247, -0.0023450146551827326, 0.3062912250492448, -2.114404413290733, 0.519803512990417, -1.0183280327269706, 1.0154967606735232, 1.7217765137199075, -0.20986250011370483, 0.12022188117845518, -0.6735254622700014, -0.716766936430409, -0.27617423817523945, -0.2559326992917676, -0.2879157126326047, 0.40462187803610644, 0.8779970873142254, -0.07493524376996846, 0.9344932914986864, 0.061635761632607124, -0.17639938668800592, 0.28473386493773034, -0.8201775591787415, 0.44090474864421475, -0.3164312538600473, -1.4847590924443907, 0.013789424087273183, -1.2952463686408136, 2.4828976108985383, 0.7783997025306119, 0.30110320903715987, 0.9898035947337747, -0.3465608152038068, -0.006068429432017185, -2.3284835932444823, 0.2844652951723575, 0.4866117772825966, -0.35830547491683923, 0.20531472749701551, -0.769440746469898, -0.9686704653805538, -0.6396388018013693, -0.7540311185599965, 0.3089140260532231, -1.026185181017835, -0.14389224497841513, -0.11490996286114472, -0.8696937220536372, -2.063763901232685, -0.7838015123691132, 0.6665340789220595, -0.7706409895575581, -0.13703443414222946, 0.014833438307215419, -0.5985792016834647, -0.42271264980310375, -0.5554560572384802, -2.3561646204841824, -1.2622592947593936, -0.8491604876150993, -0.9804670635920717, -0.8473863161120814, -0.3421885637743593, -1.5655375387667476, 1.4853494094482258, 2.4398593828307833, 0.7986586349553559, -1.1926539809722174, 0.6843496709529524, 0.30457645140679285, 0.5756257367178583, 0.25295748012981106, 0.9650153421392282, -1.198212581209476, -0.22173188172847508, 0.40546692326901396, 1.7756633528778678, 1.5335463021160112, -0.04206157358306036, 0.6566628498693218, 1.4365159143271828, 0.990922712576556, 0.8491002051639591, 0.7753195422915024, 1.8994854131372452, 1.7150333894041871, -0.5667161931124163, -0.4286090302046801, 0.6325602119059287, 1.6661508898103377, 2.0142597811500496, 1.2187843005219257, 0.2999567029180021, -0.09345747322506359, 0.2529235811736671, 1.457359840314376, -0.8956953321143459, -0.3970351915329448, 1.4840518530803524, 0.8956320137577224, 1.101308128355199, 0.6871715809695824, 2.836908788330833, 0.846527146830691, 0.8444424295655826, 0.6919608754851164, 1.867247243547161, 0.09042254635608714, -0.6473519033268765, -1.1734718925163399, -1.1517050839572451, -0.583692132995568, -0.1315102178522684, -1.4264192326901337, -1.261427479016888, -1.3295686429875453, -0.09581487353160852, -0.3112230019333758, -0.2676215882512231, 0.885462093954131, 1.1364701004493905, -0.9458400686788361, 0.20850314214817733, 0.4602088880283771, 0.5522143856887832, 0.2741410944538319, 2.4244821503700376, -0.051740164155589144, 1.775391901590234, 1.716804536385116, -0.32208309806915075, -0.24099131434625154, 0.9301173126493478, 0.2921673238379552, 0.1415472549054631, -0.24822776159304635, 0.7618727300227299, 0.8266452239482533, -1.389140413623207, 0.5159341658889469, -0.9090395287842987, -0.3213075633402269, -1.623685943520592, -0.8039036059288795, -1.1091550477931496, 0.274958323353658, -0.4075128595204125, -1.233946484849789, -0.4130409984700012, -0.16881911982789108, 0.5682978462450744, 0.1582975586440023, -0.798630607797574, -1.0721264197573923, -0.33166932866962223, -0.7276865489381376, -0.9792295000338336, -0.009617430045867868, 0.15117216943628303, -0.3723903435099636, 0.783171561922378, -1.2978751689842516, -0.925287242419826, -1.0897362637166024, -1.5485769750568936, 0.8014755001393044, -0.5802341840615288, 0.6716444705431538, -0.9894120068178079, -0.08715970206569638, -1.0192962677069795, 0.6079094077230414, -0.2861075993291393, -1.2630697398056898, -0.6773212479010445, -1.6775889510822564, 0.04836840427056019, 1.0496924392673759, 0.9900662960586945, 1.437288192693034, 0.9112709735273601, 1.1276436294495724, 0.7965565336847619, 0.06249780695812591, 0.7690149363924226, 0.5119793698507586, 0.519195302902771, -0.5498229785621964, 0.23640501992597157, 0.05851571625584045, 2.1326578558594216, 0.3486097151262808, 0.8805663394771431, 0.6796040909894124, 1.117127105600386, 0.5197983802518317, -0.9181758668365653, 0.027379843583345203, 0.5138257838523922, 0.35333663018416195, 0.09314009845735456, 0.7674302197846417, -0.5620562793981796, -0.5091428324773158, -0.5164383264421165, -0.22073062717356073, 0.7216972558215988, 1.9174266282543682, 1.4194080733986663, 0.3901059877054212, -0.4361599221022772, 0.8012424457962526, -0.7057974661782428, 0.9762470441574961, -0.008621157154585226, -0.3843894960991563, 0.5093962640758211, 0.4764143459719571, 0.12291299135905527, 0.7978118615249821, 0.09565344276833902, 1.6228959714055244, 0.054257066822498624, -0.0801664261669318, 0.7250852009366403, 1.9469432047245046, 1.1714338548524332, 0.724703664438353, 0.4928486792155778, -0.39522008235858774, 0.3333893343096033, 1.2404293651473142, 1.6343645145540502, 1.0128114875966419, 0.14815741100268076, -0.24172248241442007, 1.1366641030947056, 1.1573307939401252, 0.6901310363882234, -0.5434893642519791, -0.32116866576329095, 0.475043483576798, -0.7659316590872782, 1.0474406731312271, 0.5149248857508368, 0.36542266425498454, 1.1698048013956635, 1.4144425162162777, -0.2551249877446503, 0.303589574449232, 0.6713594096764041, -1.3134461668299031, -1.3808069497159805, -0.7394632414607836, 0.6628496717715758, 1.3045006540301323, 0.32837659938648006, -0.15379826880558756, -0.5655930356132577, -0.6285160194980597, 0.7479765498958786, 1.2592884344753823, -0.8577984593323861, -0.8479383498562595, -0.9625514372434536, -0.8601776219865392, 2.6806898306500426, 0.7380955307113577, -0.13535014425292366, -0.37379427108354346, -0.8541723952881792, -0.8766319614052488, -0.8843052702334723, 0.7935768113280559, -1.5899631158618273, -0.1938543664985692, 1.2861415770581857, 0.2633379016166379, -0.7439537331975886, -0.2424930469156627, -1.2772155461304944, -0.4360563280960794, 0.934941273706333, 0.32473018445865276, -0.6660430279614222, -0.12523572641237085, -1.107096733370432, -0.15215747542579686, 1.214864577321549, 0.6806372794807802, 0.5687746776929705, -0.07479303353867353, -0.9136198023017738, -0.053084888355185315, -1.5540188103620485, -0.049857245867275524, 0.110421874195142, -1.4650143066006016, 0.3510502255837807, 2.03569126099556, 2.6545386454513715, 1.8502000110272228, 1.3325433877731718, 1.4895143120924879, 3.1548618672111663, 1.8512596994363166, 1.2313614556329633, -0.15966135420635894, -1.8684140474066577, -1.412983586213203, -1.6628109530660244, -1.4879937474976188, -0.8655722527057694, 0.21331357959085387, 1.332003002847886, -0.32112262942585384, 1.4577515496987599, 0.007319564033011865, -0.13482471525793233, -1.8684140474066577, 0.5280522983968348, 0.6103432549192076, 1.750058091706053, -0.4582357783112674, 0.032929212650242796, 2.852024341298745, 0.4123602996106365, 0.5258785760465142, -0.9196457353123939, 0.40247336857798777, -0.09428066439134086, -0.5637155458459002, 0.7278260707121972, 0.9219409598919532, 1.0729995074561576, 0.03823686317449195, 0.10608407216308373, -0.26267129410185264, -2.0961783524450994, -1.6535847777378232, -0.07360938447346652, -1.3539141519568332, -0.8193157059844881, -0.6929876924348783, -1.4167943218910182, -1.5948692443571415, -0.5318438436783095, -1.6469842978444749, -1.2112040086339046, -1.1141877386883445, -1.8913981035861038, 1.6461716171378273]","['v1', 'v12', 'v38', 'v65', 'v94', 'v101', 'v62', 'v84', 'v95', 'v58', 'v59', 'v79', 'v92', 'v14', 'v63', 'v61', 'v73', 'v2', 'v3', 'v4']","[np.float64(0.16961552441128533), np.float64(0.10757527155404294), np.float64(0.064240908079892), np.float64(0.04991536442774339), np.float64(0.045585465681007534), np.float64(0.026942921315949088), np.float64(0.026407744755938194), np.float64(0.025873985446138704), np.float64(0.01990219454436796), np.float64(0.015657597509619595), np.float64(0.005475613299884267), np.float64(0.005287285945619612), np.float64(0.003638497077689175), np.float64(0.002921688082918009), np.float64(0.00198427276172771), np.float64(0.0019634795213820297), np.float64(1.4336353287825397e-05), np.float64(0.0), np.float64(0.0), np.float64(0.0)]",5.432448611049168,5.52454608421007,5.403286503681618,0.9692145581397149,1.000952157628081,1.6926454352357878,1.6805228296905037,6.604511781382014,6.669972034713819,6.699614390510412,1.1914944257557423,1.372980923520677,2.1369650818490724,2.019335509630947,1.5105343243687228,1.5307437309018443,1.5550875377265592,0.046593495175591526,0.04023022985513003,0.03416869587730376,0.02165072861342754,5.264615436809291,5.264615436809291,5.144201666132966,0.8877826147772566,0.7989528454330828,1.5595396266568229,1.5477591773817467,1.5579705005585782,1.617055408722372,1.6347817609101472,0.3508441134275636,0.37074815277646067,0.9196674419865749,1.044556332149377,1.4154283259095817,1.5814579088587746,1.4624590561680093,0.17946966310694618,0.1762761962001742,0.2537719477118601,0.2220012559661635,False
f1014_a,f1014_b,"['127', '128', '129', '130', '131', '132', '133', '134']","['135', '136', '137', '138', '139', '140', '141']",f1014,f1014,True,0,lasso_no_out_standard_k20_lda_nc2_sex_on,lasso,lda,,standard,20,2,30,7,8,True,0.9944157004356384,0.005584348924458027,0.9897598624229431,0.010240212082862854,0.5238365530967712,0.47616347670555115,-2.1642369392279215,0.9383730707081872,-2.0673116038374535,-1.1207710941027664,0.08277363734553536,0.0008812840964940541,"[-2.6127483832973124, -1.979662963280047, -2.2229922798068307, -2.668707050325857, -2.282711622733592, -1.4812274336469309, -1.6423648686097552, -2.423480912123045]","[1.2168382121176324, 1.3254948734012693, -0.8232063123634697, 0.4387821218123544, 0.7123104379537916, 1.3988231177154193, 1.257568903159613, 1.9803732118688884]","[-2.5285448046481394, -3.51472302024427, -1.9802429304549292, -2.216555819999251, -0.9336448836131975, -1.7172603226081224, -1.5802094452942632]","[-1.5035934445826133, -0.20247513687192253, -0.9983297715356263, -1.2712125670481371, -1.5954888610117681, -1.3744279571263363, -0.8998699205429618]","[1.0285208686570488, 0.6936711874900761, 0.8523858732839228, -0.7011797118334464, 1.2050678013475304, -0.8236452953531371, -0.8638555509943526, -1.7521093482765955, -2.380148595600611, -2.187704905003949, -1.6534597784350993, -1.3272964453324687, -0.7935904462359175, -2.15904579121224, -1.635094077050782, 1.503311043235531, -1.535647255206582, -1.3631909929338506, -3.125971137776992, -1.172329643842534, -1.1629254715763389, -1.6048472567336343, -2.8481076454356464, 0.6072983703260024, -0.2261804591526031, 0.1891102140206251, -0.5895728541466817, -0.16370465401609594, -0.2806773310169471, 0.11192617551008348, -0.03774323601939486, -0.09702989227490919, -0.08377833130652505, -0.5205629750325721, -0.9694305916269117, -0.698987209340737, 0.060448968503758124, -0.5531428760051205, -0.15693476711264834, 0.16372301342087553, 0.1349063528959166, -0.9897895892294315, -0.01781015599561947, -0.71571748378511, -1.1266578374758174, -0.9154232748681236, -1.145816949420969, -0.709014546742559, 0.7869073219588116, -0.44292341925159956, -0.5988698628823084, -0.8540565732246084, -0.3609965137954212, 2.2121812854022207, 0.28147229677153224, 0.601160961580719, -0.4377913507199037, 0.3748186650520477, 0.22266727081437448, -0.10340020544100093, 1.0783085571464206, 1.1382792843158636, -0.7140741046768605, 1.3332934987044358, -0.28831455156878794, -0.8402123486954762, -0.08230032819656477, 1.2047435106410318, -0.0015478342621900124, 0.8029448569181493, 0.5104261450422067, 1.6730081600220643, 0.5838197729156147, -0.7355780927111469, -0.22152244132626367, -0.7478286475093552, -1.882571959396634, -0.16039272373149843, 0.14714548128033905, -0.6944688462030985, -0.8104761830338338, -0.11770273710687457, 0.3193670805322271, -0.5666345534492166, 0.7885272661927656, -0.7904762678090228, 0.07368178061646094, 0.2271871539649394, -2.552001298479416, -0.5001831832123146, -0.6586222556502069, -0.3735064229364918, -0.7725714667795661, -0.296613128080892, -0.366145165521392, -0.22911133260657343, -0.06925126228051834, 0.17653826887291302, 0.9283483524522932, -1.3135710270393786, 0.5207275677686828, 1.5349707673097468, 2.0730214679017576, -0.9978417222239676, -0.8681331004499346, -0.9125342586626153, 1.298863836763777, -1.104118054022525, 0.591693361328465, 1.3576486273285149, 0.8234238809730723, -0.12267086784483332, -0.5454818156820068, 1.4786235070630793, 0.4340726652302918, 1.4196142242070124, 0.7969057065132407, 1.7618915144389633, -1.9418984007089193, 2.189844218895526, 1.3248120997655866, 0.7344098603872113, 1.0906314938765929, 2.0417535166765055, -0.9596214610087542, 0.19059490817394426, 0.5753944518995048, 0.5681467088165819, 0.24364540384012176, -0.40875212908419023, 0.401056390362481, 1.776258740688704, 0.8735402908737794, 0.6863719060549957, 0.6214600618785779, 0.049799695026107815, -0.046553534853586084, -0.5720168573608141, 2.341701964686915, -0.9575314985914865, -1.9458235289974486, -0.6750227533703768, -0.19006888019484014, -0.3094216262055177, -1.2023782390245146, -0.9985743762964907, 0.1015494510651625, -0.5858337401653622, 1.6612964508464734, 1.4490162270963989, 0.7312814682557752, -0.005451131209100723, -0.25132778463057226, -0.8705025374345524, 0.27997815702440115, -0.019288999427588497, -0.7131242436327171, 0.8105446380824726, -0.39897142843519245, 0.3413947254271016, 1.8287220722986979, -0.40488690535964666, -1.1010924571405094, 0.29783547347963324, 1.8430641799009302, 0.045318789097899444, -0.1587384181149718, 0.2575612489615084, -1.0375877846126824, 1.218819425578438, -0.9768264960966061, 0.8580199676042506, 0.7952177789106377, 1.325676200468904, -0.3266844281537232, -0.05019972720041435, -0.2688332589789857, -0.22173372326979082, -0.021856551480819185, 0.864532604458139, 1.3331577827526704, -0.9377288377760499, 0.49821608061728373, 0.5827865320102692, -0.4994296844523501, 0.5025573672307116, 1.1019659158876414, -0.3448369870511408, -1.1056921290830606, -0.6791251104020866, 0.05290175377398814, 0.37449533041371086, 1.0897456743106686, 0.5022782816462237, -0.3439308479902445, 0.26534602178798716, -0.7520910221341426, 0.038097006806302645, -0.24677592155893666, -0.8753633815577836, 0.015977204482334362, 0.742300159183837, -0.35869549236880716, 0.013439395284340662, -0.2636919579236023, 0.9842150172363631, -0.09487929581293193, -1.8101174982004706, -0.28110921817687673, 1.3146627763789178, 0.629685896826867, 0.05471262153178836, -0.32720405321282303, -0.6303380593640775, -0.02405666788747595, -0.030773943882296297, 1.8358094660653939, 0.5981217301217664, 0.657665882920852, -1.6350626842214393, -1.1113555485670334, 0.5490297176536649, 0.7945521796360285, 1.9020839512927084, -0.748889189651487, -0.5263551955911001, 0.9424135768033973, -0.0028786018990217457, 1.9259088354136729, 1.4845942728255117, 4.0966450125404676e-05, 1.6733826793286835, 0.7449632408585645, 1.6961692666113077, 0.8151340038925862, 0.7894601021857875, 0.6726563641165848, 1.4027402672500684, 2.141388528204101, 1.7096764868011818, 0.3702470814517633, 0.4513443899177293, 0.9691249344274696, 1.1136918653342118, 0.06398679531497353, 1.645725244822689, 1.0460008833998873, 0.23282475675112063, 1.98941492032599, 1.2757295959034678, 1.046499615651618, -0.2018220497418772, 0.2763489661916619, 0.5143443555195868, 1.20655742615993, 0.10900901396175883, 1.1291186778207356, 2.1431941871218743, 1.131634322544913, 2.717093116233519, 0.6546856100973155, 0.4788928924319019, -0.7563492446914157, 1.5972807059824263, 1.6487546975259215, 0.8752819243056682, 1.2214454501748835, 0.45505165947697945, 0.505606657556897, 0.1109942729779964, 0.2746572156380969, 1.64635177298909, 0.42445698480452915, 0.831661643952912, -0.1919366456840167, 0.773172085546479, 0.32294242238163856, 1.3356101229218325, -0.7837426088830757, 1.1046027248394137, -0.7207593372324851, -0.5907279221853636, 0.3871346968897204, -0.4823430068248008, -1.6896861954716516, -1.5965385273202874, 0.3501787052359345, 0.1909550526901323, -0.6272464946912432, 0.2159237704120097, -2.035432984791801, -0.0186364243966797, 1.4754301544653268, 0.9362158030520338, 1.1654360446492582, 2.031509210339088, 1.4889368693230236, 0.9402192733463934, 1.514877225786055, 0.47904916196067604, -0.0815615959761813, 0.04842781289814872, 0.244280102345608, 0.30166889892811166, -0.5262512682677919, 0.7689588356166277, 0.1999306011653363, 0.868533400752903, 0.8854574776931193, 1.4808208071557647, 0.2192494209387659, 0.6670773207255856, 0.36029490476865644, 0.44315595274649955, 0.7562286690211434, 0.6228430364758211, -0.35642471516198015, -0.4757571619952957, -0.6159161829589318, -0.6343174637226658, 1.9194901803922317, -0.7711225285901917, -0.61851490449963, 0.11193639638060908, -0.7813574630164096, -0.5233678051117824, -1.0469241127343891, -0.8513230368993377, -0.9349387696687048, 0.32261135517388156, 0.28654634450960353, 1.296250108679503, 0.9760138802541104, -0.6017874018739795, 1.2212590201384308, 0.5606444017452905, -0.6149220394747033, 1.6306418754382193, 0.3871876340045791, -0.05307185858332491, -0.8953801821850994, -0.17750020820355067, 1.4981792333662471, -0.038015663528552825, 0.10262378645058694, 1.067585508379779, 0.8723334842608144, 0.8344960469036911, 1.997411279793075, 0.8187806327052797, -0.47432356570802237, -0.8953801821850994, -0.3987685338464182, -0.1909589938261299, 0.44605483799490486, -1.0196284516008278, 0.10642022897341018, -0.772780626326841, 0.3341451011857871, 0.22103868151516545, 0.2293305593827114, 0.906976597622758, -0.5213907128608338, -0.712849613591491, -1.1369777659087004, 0.10279870480202914, 0.13188383538870152, 0.021520554325637452, 0.10368398676995355, -0.4362178352564686, -1.7379463326012792, -1.6231919879430188, 0.9040441823089372, -1.726101838671559, -1.6421960193422045, -1.2273221161205423, -1.0407431021089106, -1.7234138978969373, -1.876716461468285, -2.356114560452049, -1.6640485319653617, -1.3597746034274898, -1.4242494019755008, 0.40719466535360116]","[-0.8056468865840436, 0.2986715319213961, -1.3167553905943477, -0.795786151521487, -0.3450217770702764, -1.6085678657761682, 0.3143652854178994, 0.18734072450701614, 0.7000729313720331, 0.1286606679721415, 0.18013930795357327, 1.2077600496087186, -0.7822921192578387, 0.08284869372364405, 0.10660364561286703, -0.09522226549896672, 1.7361384434934364, 0.0719830238356386, 0.059452976690075016, -1.1700866905753986, 0.749853469574599, 0.8756797028639773, 0.9705635798615396, 0.9011439955408022, -1.6029268044475047, -0.010230304160033756, 0.4306140895616199, -0.049149998983315735, 2.131884261123398, 1.5257047316716144, 0.2618295387596589, 1.0758249204013135, -1.3381780877523737, -0.30235524456659785, -0.49461446672975, -0.012697954075306956, 0.5855860659216561, -0.3732238763449604, -0.9482875228440601, 0.7216926668246705, 1.5536214043932128, -0.4759596153795335, -0.8131152088496614, 0.038321026405452895, 0.010265304614795986, 0.6989987699550086, -0.3104423532832194, 0.7776970871091635, 0.4459895442263418, 1.0446986893936259, 0.4335713330097442, 1.3790286419941673, 0.8312001739911273, 0.5453019353419327, 1.4157272958699267, 0.9335468880770478, 0.3184712053642276, -0.1062974144021434, 1.107469577876849, -1.74319083341982, -0.17302311571726722, 0.2012443520954003, 1.7573249367821528, 1.255189106759509, -2.069046158055576, -0.2721430076868812, -0.5523073853452927, -0.6892853510658642, -1.6322938387712291, -0.9685259854861881, 0.03473879598531462, -1.3267989448243502, 0.8199734563735477, -0.18722806795158758, 1.3505464243820036, 1.2186669370247316, 0.05257937487529862, -1.1448258920639751, 1.076504836565803, 0.48342334504853085, 0.7731040156119027, 0.3515186743737752, 0.8168679108378151, -0.22279833528516088, 0.7293381518745162, 1.5376428906289972, 0.23915780454309363, 2.002051404410716, 0.9830392047349834, -0.27263004749506903, -0.6298646544433615, -1.6344423413164302, 0.5846598119377162, -1.112085677179876, 0.57050629158313, 0.7177347069521625, -0.924804088443219, 0.6723844920792614, 0.5866297361977897, 1.1024252945493163, 0.14648356348627808, -0.16177316839858505, -0.3350335235071141, 1.6951325666380395, 1.2590020821001957, 1.6763137114246882, -1.4488769516842872, -0.027737756502052482, 2.9824865238890594, 0.6737119887067953, -0.8392004681926276, 2.3718182677566464, -0.14837920151591014, -0.28390977966442277, -0.9830869127748827, 0.6076103058452107, 0.2177820330960512, 1.4299074397593117, 0.23764292116538976, 1.2916685084877564, 0.31785479208659445, -0.2837189024235884, 0.1691138227255131, -0.7961663539716519, 0.1144890205998965, 0.9834460981344966, -1.889521588926026, -1.143321657968351, 0.5644680085310959, 0.18943450970774747, 0.40532470035681284, 0.402192704308051, 0.7241452416809097, 0.25758974034738524, 2.5192147376196576, 1.5019481870386155, 0.9000943299003413, -1.0016636349379398, 1.2121006067725826, 0.810177983991457, -0.6546735653569824, -2.6083745852588005, -0.23324970901480357, -0.2199345732312293, -0.371891238657462, -0.3220643541813594, 0.2387553125930147, -0.5380610297724899, 0.24873704597839466, -2.170273366920951, 0.8140988904493213, 0.48699523946673273, 0.5084553702366705, 0.39802083406484484, 0.2731926092516598, -0.9068360260003356, 1.3962663533424904, 0.5614844908710764, -0.7955250680651117, 0.8454648615668927, 2.407342933863218, 1.9205600328315524, 0.4945413305770514, 0.9755873044237526, -0.4731459094940943, 1.52936079743559, 1.466656058015622, 0.26284350469064316, 2.1276988500760075, 0.2401846174298392, -1.8680208536525937, 0.9818996194741156, -0.4289641867750003, -0.8095120981034959, 0.17107496851610962, -0.0598745096297437, -0.5970911792681992, -0.6064384845518216, -0.13665415362118913, -1.130713820754816, -1.5204281239069066, -0.2026655911670375, 2.0000252460002566, 0.3626615846113782, -0.336341198418659, 0.988365428040749, -0.10963653418834032, -1.5768815778751033, 0.03812666490462144, -0.509028864874915, -0.37178676863815235, 0.32824324551828116, -0.6334951842832381, 0.40555538770079, -0.7739613281962372, -1.6063697370377208, -0.682293810478111, -0.1267625110931857, -0.3288535408178018, 0.31873462689166465, -1.3661074136474658, 1.521751078062152, -0.5130678457176588, -0.13230013578559477, -1.7363998752558012, -0.0357123777415258, -0.37975579551224264, -0.2799034571143276, -0.4443413574505143, 1.2644912433800564, -0.8431756186363002, 1.043227910286199, 0.3791873510779049, 0.851832848454606, 1.518135264946724, 1.4048073481896528, 1.011448461559613, -0.8020272193726212, -0.6683404160807845, 0.20747734587749045, 0.3959124426105217, -1.066744969983374, 1.084308490912825, 0.9590317096082442, 0.6599353038347483, -0.5320091657412549, 0.38921741834516826, -1.24626098599815, 0.508971865320541, 0.05195969485019474, -1.3763015979736193, 0.7618725835073191, -0.7998487021246935, 1.1830534058673974, -0.6911343268211865, 0.11031494305832427, -0.028113621939248004, 0.2827488526792259, -1.3564156369373073, -1.6589159204685142, 0.6668160697769034, 0.36099060890440376, -0.27670889986492014, 0.19159500246075925, -2.7523643520816474, -0.36650410240689046, 0.6182431090117704, -0.2115905380936893, 1.7775550725037927, 0.33962797446397464, -0.35720036478160505, -0.5865758147596815, -0.13858917098045637, 0.5460998024638628, -0.5132966261738489, -0.028189092769292344, -0.3199919451976891, 0.6492159271430344, -0.08005079334145065, -0.8034050263639458, 0.8897885949478364, 1.4676171942059038, 1.1432125323065252, 0.3702954818017573, 0.9330311682018437, 0.027331921982715293, 0.17019148145074553, -3.11338807478966, -1.04081501465097, -1.1971227187444424, 0.21845144562252553, 0.733296437957985, -1.2479099161387337, -0.9768474567270903, 1.5398832108854779, 0.4829732821250488, -1.308565358336119, 0.07200429040723572, 1.3670231524057956, -1.5588528754558337, -0.3444074314520822, -1.186342454407678, 0.15744533733194283, -1.5105039315138415, 0.8681146043372046, -1.0601085881522143, -0.9059736180607169, -0.334652011683764, -0.9269783274705676, -0.07815375263816297, -1.3551360052250065, -1.5641197694038007, -1.0868862857886001, -0.5034262499938963, -1.1465978482745076, -1.800300613227091, -1.5221051625327726, 0.2910366735943, 2.0346740231303517, 0.9875286779131534, -1.2517770926143514, 0.6764656227438988, -0.9819089929818677, -2.2490174812163644, 0.6565755483719453, -0.3181916275919688, -0.6189802775844798, -1.9253987627580667, 0.30136538184885964, 0.8132994640878547, -2.271091785488348, -2.038113648905098, -0.2800543798121256, -0.9007266841293511, -0.41605667675760827, -0.7129618528897688, -0.14476658808737752, -0.8735137053648802, -0.7003112638100727, -0.5178552042387898, 0.44073971722375505, 0.24049288343842617, 0.04389861467665674, -1.3481703465550843, 0.42634575130239566, -2.333034377706835, -0.5325443963414673, -0.060305192840506006, 0.6491157014626822, -1.658153356954231, 2.0343373494427035, 0.04698140697114884, 0.23123279400289523, 0.8897366871185214, 0.4911936734046298, 0.6925452719348448, -1.2799054005967325, 0.7845824850656092, 0.4620143433720103, 0.4937448788582119, 0.5445349440263527, 0.21697732834542366, -0.6024549474988986, -0.40966935774379026, -1.4361667419128574, 0.635530001402233, -0.6098971094474928, -0.309249742042153, 1.0028110405082553, -0.9416834257838773, -0.42262102892618414, 0.5445349440263527, -0.18103155999054674, -0.18600732178570997, 1.0715955327269937, 0.11167032143667004, -0.4284874674981246, 1.0525792640905713, -0.14469236560152776, 0.2505777749109547, -1.2489848449474568, -2.046702650369373, 0.5098640500663503, 1.0425268058010022, -0.05145776615595096, 0.8421463634919518, 2.8638504285806325, -0.6800780291713974, -1.4728755717428137, -1.8622167375244676, -1.2649817049338945, -0.6956908981274061, 0.893736638374077, -0.7242569227827838, 0.5452755322748795, -1.1605851822529047, 0.3967744406497113, -1.1575786800858632, -1.1327548476111498, 0.09241701405569577, 0.06977601150606821, -1.256269485608008, 0.7752999575945002, 1.163990964626258]","['v1', 'v2', 'v3', 'v4', 'v5', 'v6', 'v7', 'v8', 'v9', 'v10', 'v11', 'v12', 'v13', 'v14', 'v15', 'v16', 'v17', 'v18', 'v19', 'v20']","[np.float64(0.0), np.float64(0.0), np.float64(0.0), np.float64(0.0), np.float64(0.0), np.float64(0.0), np.float64(0.0), np.float64(0.0), np.float64(0.0), np.float64(0.0), np.float64(0.0), np.float64(0.0), np.float64(0.0), np.float64(0.0), np.float64(0.0), np.float64(0.0), np.float64(0.0), np.float64(0.0), np.float64(0.0), np.float64(0.0)]",2.061424073817795,2.2816910046615337,2.3647261012526988,1.1869702493476344,1.0857496029098006,1.1485865664869452,0.9497007122039939,2.1560695002014216,2.7759710947088125,2.840636866832126,1.4593212045061528,1.4484144660764195,1.5144559078172999,1.342183502149872,0.383026322972181,0.4760703342311628,0.4746616273849333,0.12701112893636404,0.056016044767803974,0.08162862501561007,0.0663717794908606,2.0591441648109536,2.1383737702432795,2.220634338240318,1.092859355467068,0.9144831150325146,1.0061708745651476,0.8112844820400169,1.0229054055280327,1.0766300457086249,1.1372654274441758,0.5731515771616634,0.4602420401568428,0.5379027558705295,0.48199747417962524,0.4884675126302263,0.619897276243803,0.6058992139990056,0.2533923978882494,0.2035158136627029,0.23698157271613782,0.23833031620478592,True
f1014_a,f520_a,"['127', '128', '129', '130', '131', '132', '133', '134']","['458', '460', '462', '464', '466', '468', '470', '472']",f1014,f520,False,0,lasso_no_out_standard_k20_lda_nc2_sex_on,lasso,lda,,standard,20,2,34,8,8,True,0.9944157004356384,0.005584348924458027,0.9979768395423889,0.0020231876987963915,0.5238365530967712,0.47616347670555115,-1.852377734707019,-1.9070741373465532,2.7336698744630654,-1.2709189743900566,-0.01836025291158422,0.06620818982784606,"[-1.3654423314514021, -2.017424437508266, -2.065965641697112, -2.8486804555284384, -2.638597265260469, -0.3522455236973557, -1.6583249625435432, -1.8723412599695646]","[-2.7484283913231478, -1.1591904508272137, -0.9952080376469787, -1.6480594681729386, -1.0477632163303343, -1.9818812503595753, -1.883699519917539, -3.7923627641946975]","[3.278486097037655, 2.8581612845222137, 1.672380936456977, 2.6917732087583226, 2.819645520288423, 3.4811401533127757, 3.228824422207729, 1.838947373120428]","[-1.6356926562867296, -1.477926600087235, -0.36966303226464664, -1.399167014268748, -0.3576369489903789, -0.7853894598339426, -2.29795989099006, -1.8439161923987124]","[1.1179587144083836, 0.48670726816861026, 1.5581528099759068, -0.23314818767642642, 1.6666150824765558, -0.5606622479134183, -1.5492781326330491, -1.392430159762978, -1.5223567879372906, -1.9761343203379356, -2.1328106145764987, -0.9037327646868372, -0.3512318619900743, -1.8458473324096618, -1.6025717299382454, 0.9284998434535057, -1.173197395016255, -1.0871746295108653, -2.4842040682432085, -1.1856295408652973, -0.7928032398054848, -1.5642282391833717, -2.1289250967770115, -0.6046537991667449, -2.196850474404241, 0.8308250747617425, 0.48202368651488464, 1.006418495866883, -0.39743043246851956, -0.28031258345924653, 0.43891137486142656, 0.5199457305781324, 1.1163363596543212, -0.46247521913818335, 0.044851084291361976, -0.15251944163447595, 0.7766867104727848, 0.9942092405228248, 0.6403250604014696, 0.3390880041530508, -0.08856662530491916, 0.05840683883953534, 0.3513107965904314, -0.12101275114278379, -0.4730185228143259, -0.15126101286878904, -0.31090332675899657, -0.3314177395116802, 1.6314327867131366, 0.4286555395230885, -0.596878833493624, -1.102402666072423, 0.15690636536319827, 0.7187953408829658, -0.9286347776651035, -0.5765168059703365, -0.6016614441342218, -0.8846105464100346, -1.2050885584482434, -1.4394364904859964, 0.4064676577215962, 0.7818913935129556, -0.5801299036745008, -0.12457165975534128, -0.8449320765558221, -0.9503019712386144, -1.3461049800388947, -0.6008390249239488, -0.6525563357932705, -0.733918761691454, -0.13367962222655683, 1.3260101453139566, -1.6456324806894658, -0.6706744878645076, -1.9252185901587646, -0.013313685116852674, -1.5919570470730462, 1.2676273010679937, 0.14769594625743832, -0.6048815068092998, -0.6347202228470574, -0.29019661338334646, -0.16125910531249615, 0.16970023388727803, 0.7071153350082366, -1.1818865514025167, 0.36661713694226394, 0.13320516177324995, -1.1688464810466233, 1.173726318575575, 0.2953101461835688, -0.2458516018128013, -0.37128097002632643, 0.38377284467168293, 0.06808059978602143, -0.16194877555512538, 0.832064652657831, -1.2797086177886123, 0.37168684084627573, -1.4425826889609654, -0.16331220653990536, 0.43009411691863425, 0.7774466010060157, -1.3675533749582496, -0.5417792082678902, -1.6812122765953346, 0.12294968666875523, 0.04531763703049975, -0.5839663515334699, 0.02281346907687017, -1.3882440373488467, -1.264529246893841, 0.4524637767508309, 0.18632597418738903, -0.5399185222086049, 0.2608236127318363, 0.5043218730180643, 0.48440119155229433, -0.9842454759405745, -0.642525281738359, 0.31404498025883076, -0.021686923000835343, 0.11876020848051032, 1.2615054850978666, -0.009159130094631061, -0.7984782750336028, 0.7986098426641897, 1.0324697855915177, -0.5924549990797893, -0.6969310664698792, 0.4705717183785419, 0.5499444493309412, 0.6371329674448379, -1.7973302744372286, 0.26595977714095304, -0.6068491257704534, -0.12361249795702199, 0.8695821328255304, -0.023642406705437345, -0.18966700038160608, -0.505990508560911, 0.3114703986302483, -0.35167808485771906, -0.5694394272135103, -0.24335717940516413, -1.25548178868918, 0.1408058320608268, -0.7839192150686495, 1.6602317102222828, 1.0678670766755607, 0.7030952433084969, -0.3548352453872692, -0.42358520476153244, -0.5278093576440619, 0.5876839715028278, 0.37695356281382, -0.24733017841636581, 0.8358674262658566, -0.27431745973117966, 0.2380061517475388, 1.4506611649265673, -0.47053855575060066, -1.2724557413161777, -0.3190663095895768, 2.298153614695565, 0.26363377025603846, -0.5831059291703782, 0.5331198488056639, -1.2207949850713142, 0.17238104979951882, -0.18261364322714188, -1.6083488789341502, 1.2321858941868549, 0.16109245827470184, -0.002587169746902838, 0.8097697791776279, 0.606589075392015, -0.21007432731371026, -0.27250070588341774, 1.3139124652079013, 0.5826180966449336, -1.6716314558326162, 0.06557198574502919, 0.7042454970230815, -0.1121076013558755, -0.7888107903961341, 1.2171234585897148, -0.3959581279093533, -1.8454991916584171, -0.5926191670220962, -0.9002966273852006, 0.05034103857886544, 1.1489357180739947, -0.3373948043534005, -0.846739691472832, -0.5708486639017623, -1.2001184731466514, 0.7625133619693838, 0.9071676091443076, -1.4932375560573958, 0.07417648180763446, -0.9407642600736311, -0.47142005450211283, -0.27579803416946336, -0.5866957225317957, 0.3347675909666989, -1.1789559213706033, -1.0555958714382951, 0.22241199314950816, -1.3865368497458663, -0.2731501898558483, -1.0347316284299801, -0.8302477698071794, -1.208741861823845, -0.34218678251669105, -0.827824287214873, -0.018213786528863938, 0.24924761812162566, -0.6044776918012377, -2.096069726722519, -0.9758223778096957, -0.06969697203976846, -0.5925964420891048, -0.09762655456919572, -1.280034203373629, -0.8168013978366978, 0.21524104629736893, -0.24574723694358946, 0.8980990954902301, 1.832348496946472, 0.13323695869793967, 2.6201584937555293, 1.347213133781314, 0.022378127486873154, 1.4990753983859322, 1.515071638178468, 1.253521226584094, 0.17552394053375417, 2.5484964849457583, 2.779311213404563, 0.07772360810565627, 1.677442893716483, 1.2412848541386698, 1.7816677194012687, 1.273290802478395, 1.453305116999715, 0.3870059172977447, 0.4428681225596885, 1.0338422824882458, 1.0953477997583048, 0.21505058430971447, 0.13761019248699227, 1.0222072682809995, 2.5252003720979115, 2.014519281516054, 0.07921967761558037, 0.32529878340559, 1.2963304184728144, -0.4902388966275333, 2.2873612765200986, -0.1174514031970616, -1.2966823555655862, 0.3593811052409279, 1.5334048556913074, 1.4219791709371996, 0.39623869465225414, 1.0147641487162062, 2.227595390444487, 1.1739096949630192, 0.9278459195853078, 0.9587216599450284, 0.7890909322594354, -0.3769613134604841, -0.28844855258409985, -1.5100018656152396, -0.9404005099563172, 1.049694474546287, 1.8529328875573308, -1.5337714875247903, 0.39528340433249864, -0.680373600028099, -0.07927740837570103, -0.031705556879418076, -0.23784789050017138, -2.063769077931879, -1.2119830092456565, 0.5343227375981408, 0.6132387483688955, -1.1265828980164507, -0.45309365355838477, -1.6078169799132362, 0.7017436101390994, 2.1532615798331523, -0.6030069891810891, 0.47881752459239457, 0.31645938637219106, 1.0724659997737043, 1.0759276587946054, -0.2186519960995399, 0.1553857103173164, 0.44369323907119756, 0.3381518310062411, -0.1708814778238633, 0.8715982550451141, -1.7828643975629586, 1.8087770463722814, -1.7353799160777776, 0.9746511916741268, -0.5126249153859025, 0.2299025901261025, 0.8869353796957689, 1.364373835838861, 0.6844417994501973, 2.1329432725549666, 1.086096477578283, 2.216947334633849, 0.7833983709510154, 1.65287889233832, 0.7161967666972755, 1.1381410482647079, 0.28898150566180564, 0.44250008965102194, 0.49324769527360646, 2.3026414895185754, 0.4434001754110914, 1.9214452920358425, 0.8927106167328579, 1.6688560488187423, 0.5280177510754509, -0.8320898063548096, -0.9963261307203315, -0.536226863463716, 0.9613291880755854, -1.7383569413601607, -0.014940529038114039, -0.9795105775382651, -1.285272236721718, 0.6965905214933746, 0.06863575375622348, -0.06714397521676022, -0.6653988049492463, -0.2675938009119321, 0.4255607224770653, -0.3201590371545426, -0.35904288086539243, -0.3713393126706083, 0.9897299800097692, 0.5838121832101623, 1.7265287873061035, 0.23289641721958038, -0.4312555496655605, -0.6653988049492463, 0.5644606794310458, 0.6248562515010155, -0.3991987433393782, -2.3103508741963026, 0.8723364123860291, 0.21868350234977782, -0.4661139853684098, 0.17798243205676234, 1.0574962690407042, 1.0899992341951734, -0.6405228947214388, -1.4184412655436451, -0.440178920275292, -0.2700102874939949, -0.4029979446781286, -0.4254017050349441, -0.21594910944699638, 0.6519482374478197, -0.561882437998649, -0.4037795047342397, 0.27854753097637386, -0.8147353146988461, -0.6020681805666013, 0.10273129816923088, -1.4975407330994908, -1.1560945132361284, -0.19022839361092886, -2.69001472886911, -0.5923609508123244, -1.7172320045273743, -0.8192722527755292, -1.4610985275630788]","[-0.1200960956869392, -0.4627519411018076, 0.1998373507606579, 0.07237935940373788, 0.15110198692532412, 0.06558425960502721, 0.4263973766635552, -1.0656501964561607, -1.8875177827338834, -0.8823912783407662, -0.8914974582167152, -1.1178018450180207, 0.01777143298028251, -0.5162287079690728, -0.5644047226956243, 0.8719760765664453, -2.1541022844272346, -0.19975498922333415, -1.8394475787011815, 0.46066312891796257, -0.8729580191889682, -1.4817106984150847, -2.9064557125991315, 0.17659392973917146, 2.4200213486648914, -0.368397284012737, -1.2799822435336432, -1.500058405438997, -0.8637387597174556, -0.6893051529726572, -0.6961337021112886, -0.7693704605620063, -0.81923516908371, 0.395346401189461, -0.8905444426670527, -0.6177132593049325, -0.4597054979555708, -0.8529018044508766, -0.5935603159853847, -0.12127174432207269, -1.044968058147094, -0.9580434641416613, 0.08902867435562292, -0.8170265721212485, -1.151712914728347, -1.5156363729647537, -0.9611532063577539, -0.9142611513975181, -0.8630910081673853, -1.3773592151624274, -1.2317067179985657, -1.261670659316932, -0.6375682989160322, 1.5360804310006155, 0.21899555451553598, 0.5901525496742798, -0.31453292562723506, 0.8474952904681555, 0.7107010757121793, 2.004967788510405, 0.7596969810733195, 0.5742478814477097, -1.7092256421271748, 1.0964151913938525, 1.4916900326514504, -0.06549301113213354, 1.0304436967375767, 1.5954671115565544, 1.272506475623643, 1.796743429877429, 0.6860567889611053, 1.110456845443821, 1.1440541723117605, -0.13305912858888605, 1.0609474706692361, -1.7214936823044487, -2.5735361624395723, -0.48040015962217913, -0.7546933797577048, -0.2728729719550124, -0.5850225844205152, -0.18911681156368615, -0.1398873681420833, -0.7277426365213608, -0.07216669676765386, -0.7809170557444414, -0.23092241289810359, -1.1874199838932062, -2.2073381908969694, -1.395891469765529, -1.1056894238716937, 0.9164019800058442, -0.9351908828978819, 0.6081759303926705, -0.5054204971379203, -0.3974046416621437, -0.294320919442331, 0.934290647203946, 0.9120317992942628, -0.33195021993241425, 1.338215063188107, 1.7081934525958495, 2.2374019199405395, -0.04602943721013566, -0.11460329992205757, -0.25854550377801905, 2.149382287664817, -0.5488890947474145, 0.003225352690789987, 1.6653868689982796, 2.6151111887501144, -0.10556252913387704, -1.0713204360670858, 1.4289068055418042, 1.1252269213187143, 0.8034136088889519, 0.07958977124695141, 0.838986170251572, -1.48848602641425, 2.4160390626075494, 1.0382124809407658, 1.4305290459008522, 1.1636033277106108, 1.6429009190947355, -1.5816555354087725, 0.6794528868265272, 0.7660604802218385, 0.31038349443303803, 0.5254002280979984, -0.13973534764809786, -0.35405039794475984, 0.9427830447601088, 0.3135701591267254, 2.569262240849339, -0.8097889632456483, 0.23065668209341372, -0.1537111203285672, -0.3893994350861376, 2.0500974303140245, -0.4689586844381949, -1.591924794715338, 0.48161862040050113, 0.7728479200054067, -0.1407027312962762, -0.06846120952359398, 0.601298659233932, 0.24792923805594105, -0.07559441285639179, 0.3116100344145513, 1.9466527725700167, 0.12601792208297583, -0.15528529627574567, -0.14428173972613734, -1.1671449963468234, -0.3164238638958162, -0.40803568725041717, -1.6208726549024304, -0.5301571025717305, 0.12060019534030345, -0.708890976190948, -0.30670038835297553, -0.9387898346741752, -0.7551637063336355, -0.32679728212431314, -0.09171063744250964, -1.2028893815659996, -1.090266615511794, -0.1020516238063912, -1.7140159103616683, 1.0742885128198942, -0.8505957744097747, 2.2384092098611723, 0.10295044879830043, 2.0590656088349397, -0.5404591223867753, -0.7905058228152899, -0.5022188201445964, 0.2764268359219502, 0.3015915004374781, 0.2404122474262161, 1.3218276666929425, 0.07978428000174058, -1.1070528118161866, 0.014107086279294507, -1.3018937746968136, 0.588330305601622, 0.4994181436248245, 1.0278074296122177, -0.4665962837025343, 0.24801986563849868, 0.8594930508848841, 0.6165214698463072, 0.9187052662452266, 0.5749473367040622, 0.5984396657749882, 1.4537430064891963, 1.055654627883959, -0.3966022195186345, -1.2166173850290865, -0.29643741758713466, 0.7694190485041179, 0.9437873272733803, 0.14642826224401354, 0.4655464685568185, 0.962509174288261, 0.9368742808472518, 1.0986198675493115, -1.7203502213916015, -0.297218808373945, 2.130521769624241, 0.8155633860789675, -0.14943075476847814, -0.11102359424649862, -0.3943624538476994, -0.7233444799084817, -0.9630325417160467, 1.1629727133726642, 0.8881718849375672, 1.22060431470346, -0.06685330918414668, -0.49479574672294085, 1.0390359315955031, 0.9703247765207255, 1.8725307843289944, -0.9687078758304656, 0.4838961421215627, 0.6203525126871023, 1.0412096245214357, 0.7593095491207613, -0.07660181143074221, -0.5655531118014461, -0.32983590590219214, 0.27176638932249786, 1.3296250564502063, -0.9111329524784884, -0.3371444072180722, -0.36369353047149144, 1.6849822076203225, 0.6304829389470971, 0.7442466777426606, -0.4119325474006606, -1.083964200407147, 0.24205507878218419, -0.5907209721837495, 0.30401977633003036, 0.6369324822016489, 1.0933020981634858, -0.43966016666102614, 0.5219634842838615, -0.0655919843860946, 0.2786943039263833, -0.10193474383046135, -0.5135803067972913, -0.7547870443255091, -0.7672205162284258, 0.016888391292745657, 1.3033923440798771, 0.9578083291851767, 1.567497365282562, 1.553662715063082, 0.9381768333981482, 1.2630620666252312, -1.9446786073087785, 0.6069075165892421, 0.5226066920543634, 0.6191771281491717, 0.44722620604728425, 0.3434983531280009, 0.6597805175997472, -0.03942957489510843, -0.26803043485998673, -0.24852251706887016, 1.2986361877129433, 1.0698681739558153, 0.2906254020933189, 0.9099578093990336, 0.0714759242424221, 0.35553409741226866, 0.20048772160309508, 1.662661217928993, -0.23705379042848831, -0.25515025359611365, 0.22323694671767047, -0.006239198081392932, -0.9650040024890654, -0.47550711186821804, 0.6711706703765973, 0.24406171730562923, 0.3949213330165972, 0.5571282821455062, -1.1532063825417715, 0.28660072550808696, -0.11490549777313172, 1.410452788636126, 1.5944224033442829, 2.508420633372307, 1.45353926353636, -0.03411237973259344, 0.7495592911259659, -0.20476898856198628, -0.18558150996559333, -0.43246130388626564, 0.8859323674572135, 1.2047712820153151, 0.18420287524379012, -0.501108597402242, 2.0666053313763655, 1.6125487518223947, 1.371760036376242, 1.1128668234118524, 1.0510399073093457, 0.5477211296735426, -0.47545911916867234, -0.2442579553432037, 0.10672811805330518, -0.7583789543974504, -0.5090460426411463, -0.2652650390647674, -1.2869444801688277, -1.0778581092466386, 1.9282868399077053, -1.5128481836575374, -0.9128127332857282, -0.7920635870259227, -0.889863442853669, -0.35538580609620074, -1.6054325901165765, -1.8826649086386291, -1.5158939366780466, 1.3427048358629712, 0.4391788084731101, 2.137876689598803, -0.7974579914290225, -0.543264471242511, 1.7243306950364834, 1.356218795765723, 1.5694180420866441, 0.5567853772876963, 0.5504857535431379, -0.04659930462151932, -0.7435247463667256, -0.19536876583259416, 1.3237618232107273, 0.25124675439232913, 0.7978722422907717, 0.6789692951195505, 0.5578396577566646, 0.5119094019419663, 0.4533326580419545, 0.9730563981406616, -0.7426584265750329, -0.7435247463667256, -0.9179532674527717, -1.0481405506190777, -0.0635170598700523, 0.6501279327883396, -0.7465027009293086, -1.4912652818207792, 1.6013231489266349, 0.73820653724411, -0.29504493027550605, 1.3328626164893551, -0.0824267324994393, -0.24078403560769063, -0.493304214896758, 0.16422376841012143, -1.2166781362559609, 0.9732688548571631, 1.4421909413574632, 0.10099211050750809, -1.3719272920063765, -0.9603204132122829, -0.02016407102893102, -1.3861719969671846, -1.3382609705471422, -0.4558577198365723, 0.00019797780572089395, -0.34160982514644533, -2.0420206471835325, -1.0147248038436436, -1.7111056454445939, 0.06255164238749601, -0.4662743069398018, 0.8224572613166424]","['v89', 'v91', 'v110', 'v1', 'v2', 'v3', 'v4', 'v5', 'v6', 'v7', 'v8', 'v9', 'v10', 'v11', 'v12', 'v13', 'v14', 'v15', 'v16', 'v17']","[np.float64(0.10118081108208524), np.float64(0.08831845197024829), np.float64(0.0578367045394323), np.float64(0.0), np.float64(0.0), np.float64(0.0), np.float64(0.0), np.float64(0.0), np.float64(0.0), np.float64(0.0), np.float64(0.0), np.float64(0.0), np.float64(0.0), np.float64(0.0), np.float64(0.0), np.float64(0.0), np.float64(0.0), np.float64(0.0), np.float64(0.0), np.float64(0.0)]",4.62995961806697,4.768820453184472,4.894513125836839,1.581071266834898,1.5137707816017028,1.2604463750246475,1.1341395791431363,5.222202772126581,5.582492606402135,5.6491793322597506,1.9998552077857894,1.9694440740036552,1.6104240397144172,1.4194942945799887,1.3293961119251776,1.3215115714364278,1.3619417153588809,0.13663972989090514,0.09390499068048014,0.04896470727858845,0.033244405766392426,4.586047609170084,4.586047609170084,4.700592213262288,1.4396444188032294,1.394658781461612,1.1232457408514294,1.0809098581876126,1.2001751232899527,1.3252150684521593,1.2645679570897967,0.5564191032677182,0.5842594372317416,0.5155066061315858,0.4440260410167439,1.2864833212217108,1.5094804201649348,1.4612911900269772,0.26871052470146795,0.26363781197418956,0.2122228911415242,0.176477300802185,False
f1014_a,m681,"['127', '128', '129', '130', '131', '132', '133', '134']","['490', '491', '492', '493', '494', '495', '496', '497']",f1014,m681,False,0,lasso_no_out_standard_k20_lda_nc2_sex_on,lasso,lda,,standard,20,2,36,8,8,True,0.9944157004356384,0.005584348924458027,0.013744175434112549,0.9862558245658875,0.5238365530967712,0.47616347670555115,1.1083043486746513,2.0459504717497934,-3.5755984185966962,0.5961868529205264,0.05140195979004245,-0.055044527597298144,"[1.5523950661064614, 0.7101680389982464, 1.8503687026430735, 0.7025154797511676, 0.7982597448623919, 0.8898519710114433, 0.7818746081044926, 1.581001177919933]","[1.9604770730373782, 2.0771926290775107, 1.2708377794637251, 2.5763145550014674, 2.4976339361523423, 1.6219511876097836, 1.9126859842234059, 2.450510629432733]","[-4.380172385129301, -5.031109254812613, -2.35584875385283, -2.479603642272714, -3.352648764274474, -2.8135144014183906, -5.347531225960812, -2.8443589210524327]","[0.22722954974684267, 2.0186303398212817, 0.2588169114304443, -0.469534292120265, -0.7724945406353024, 1.4763165444200592, 0.705594558805147, 1.3249357518960043]","[0.25518602225043985, 0.7031288509603706, 0.2658729587461915, 1.249639411569812, 0.508614445268398, 2.3718636817986165, 0.7108517884442284, 1.6624948512152484, 1.207175694963318, 0.636279793217601, 0.7468564744551054, -0.08363472299151599, 0.21630242341884842, 2.411188825390591, 0.49636417238868474, 0.15707975959354575, 0.2329553895491272, 0.5962368873693301, 0.7693560782284733, 1.6104497893597982, 2.5464792246643486, -0.23354658687027624, 1.3229614661817297, -0.7930670760568951, -2.0375151083729683, -0.2548356092960864, 0.18856763816303065, -0.31358459933967997, -0.4222994042355337, 0.10197571530455013, -0.771461470072546, 0.5239074056293697, 1.2447330656136188, 0.5981786274817709, 1.3328219594347026, 0.2959300325731135, 0.6229959506777347, 0.7973864414773362, 0.7008649848561729, -0.1483435878237178, -0.7115464186040883, 1.2401261477963366, 1.3538281191387764, -0.5158935776254726, 0.17425077296191696, -0.6671690549542838, 1.0881433622375007, 1.374455297442096, 0.19059596982542484, 0.2742907237539146, 0.12361875241815758, -0.33724852268076777, -0.46545292093607726, -1.2810183988463195, 0.5596878696267028, -0.3728313737707631, 0.9471607104183157, -1.5867209255980133, 0.12029475038108449, -0.525329067539469, 0.06833824004671908, -0.5140990868566546, 0.3140731642095223, 0.9659156318002002, -0.5661003144355183, -1.8707261421404193, -1.8989096595753823, -2.428910467712581, -0.024394760964662723, -0.9899611658179509, 0.25137545317110654, -1.3463784869426751, -0.9728260152202951, -0.0947864872451107, -1.3703062885051678, 1.3971708346654885, 1.4981210462425525, 1.3363923484894475, 1.245624484580156, 1.9254048542243207, 1.002585773315197, 0.678293593974222, -0.07430201024591286, 1.4985910202108337, 0.5941924063260962, -1.0249137722456412, 0.7360242237287378, -0.3922978000059006, 1.093836833202477, -0.035906227696714026, 1.9888360155698699, 0.9036550215071768, 0.7190055840273057, 2.0610370939258074, 0.7862883862647236, -0.028792974020628564, 1.6094422432477422, 0.5709420379905313, 0.021725901421353964, 0.3562571083046006, 0.8467334877256423, -0.8193284026360136, -1.9513117392441752, 0.39436137338082194, 0.3834598495366093, -3.1136857486782836, -0.1538928515942497, 1.979614728720083, -0.7850120145869868, -0.13781567623310587, -1.4353944084017998, -0.10266585700386399, 1.4121252495675132, -1.076708585879749, 0.8513754531523331, 0.0332702791114856, 0.8268641789610702, -0.11853636657297918, 1.6705584031980163, -1.5419357445077781, -0.8597507306627914, 0.0036397539896828707, 0.18974801637636274, -0.2711777950865026, 1.3677364437919992, -2.100902335341281, -0.819253208928403, 1.7652834610775163, -0.38869229326095733, 0.28450224300874616, 0.8729154965292567, -1.6225464923271433, -0.47307728568281915, -0.6572997387928123, 0.54551225412432, -0.37378912867118375, 0.11718202303950462, 0.7154058070435697, 0.10570918981914351, 1.4883627735295824, 1.706458797921231, 2.236557960744851, 0.3356671266264192, 0.22302868415124733, 2.3911101162980573, 0.8244447991682077, 1.0364861897883404, 0.5377278451663942, -0.4326057134965971, -0.8242469004957971, 0.6773037341401623, 0.11660455315298894, -0.024473746584191155, 0.2139182965136069, 0.7430104364407052, 0.5888008002273032, -0.37494235451867225, 0.6373476565437081, 1.2959538438083185, 0.19223065564839945, -1.6650510739797777, 1.3189227380536444, 1.2990077672046636, 0.26715976209589537, 0.1910867113837584, 0.40468848393737744, 0.7254742628997013, 0.7916520145646356, 1.0223774088022077, 0.45476869253115193, 0.9860228855068396, -1.6650852329657968, -0.2849709737194851, -0.825782239208852, -0.3011411995951987, -0.7353067027654699, 0.3895868264115831, 0.3171569584972092, -1.1138742594724178, -0.8096788509965223, -1.0864305829956868, -0.24783471615792782, 0.1456944597906157, -0.3876115770941211, 1.0852357999514224, 0.7125672574696627, -0.893708362366912, 0.050277611765857634, 0.03778045233887634, 0.7651816800208262, -0.9621524818176133, -1.0908563694313766, 0.7574601840602669, -1.4955314399352182, 0.3255856962760479, 0.39886661463277756, 0.1891267851452764, -0.059632703829723396, 0.1265896904900174, 0.20088781544117632, -0.5005278718872175, -1.264502864385255, -0.09937028877457266, 1.3618373626466118, 0.33189338050873196, -1.504176529180042, 0.9287048874208529, 0.6288432558807999, 0.41022339705172545, -0.3034976598918543, -1.1984671648411107, 1.4090354230745206, -0.937332330004225, 1.387572086506643, -0.6100111495768905, -0.4284500117469053, -2.242776703919748, -1.0273113547622006, 0.21216873308683798, 1.5093223842443895, 0.9381072543537338, -0.4356376912719381, -1.040970379266021, -1.4819186016135755, -0.13545924448895202, -0.5752443201948212, -0.16978686386754802, 1.6305669303821324, -1.225163375236149, -0.9163677666261123, 0.3896222878033609, -0.8667704143938153, -1.0362254958409736, -0.20316316660786143, -0.6116185779000894, -0.8901174315826248, -1.1565638270512546, -2.041244951667747, -1.3416011456213828, -0.814618786251544, -1.2125308569070308, -0.6225036574114188, -0.8356354845611895, -1.7542962841919323, -0.7041785944662347, -1.0760862070083663, -2.022748845435876, -0.2429049553610635, -0.16635305024952746, -0.21140409566563623, -0.8082031353384207, -0.24111579261093272, -0.38536969300223267, 0.4078052658733663, -0.040455281993238945, 2.3153388233727306, -1.3284285269117424, -2.98524352675272, -1.843234956757991, -2.9205341604086805, -0.5361339827873772, -1.638601964876008, -1.3488663333460826, -0.3580548545456056, 1.2140582003817229, -3.2396254174330528, -0.829207030610393, 0.4542447667757767, 0.1815251158580037, 0.11920394537342892, 1.2428639351033353, 0.24195953969122877, -0.7314640233382134, 0.2868887569965777, -0.17127639157563573, -0.8323304292021402, 1.4633230216726525, -0.3101367419381747, 0.6329777022775644, 0.9912350881064514, -0.0030011274926646544, 0.5302731476652175, -1.26776119431194, -1.0032147293634794, -0.27501449554579943, 2.1335870857208983, -1.6297958485451758, 0.9471043461299592, 0.5071434595795037, 0.011192636940329381, 1.0181974006608359, 0.7048877660168282, -0.3274039616006913, -0.9172063318094281, -0.9017651862923773, -1.1924948185669242, -1.4787987463095111, -0.6766589851149021, 1.18396593489294, -0.5765941553975532, 0.8908682976067269, 0.13024184634969366, -0.869835829374239, 0.16840057778728093, -1.2840430726195236, -0.41690255782582847, -1.491373886692751, 0.3076711933669011, -0.42876248854960314, -0.03512108181783902, -0.6305015263202873, -0.9390561507258349, 0.3508528489223072, 0.3352208080576658, 0.47473031504188234, 0.24483959671000455, 0.21598750790527302, 0.627069589868999, 0.5860877123616587, 0.4090540952078253, 0.6231277372289714, 0.2892601052582689, 0.36570697056254475, 1.628117038315868, -1.352345473685163, 0.8476257711132706, -0.3578055973558836, 0.2666793821439773, -0.6872021883696988, 0.8884724398252022, 0.18061289240056, -0.44343779189781496, -0.2584499002256902, 0.4256512179497147, 0.2731794290421691, -0.2183314838513021, 0.3161503606203082, -1.1794579349845271, -0.10847898296097097, -0.5208143157543181, 0.6555770586239766, 0.4559878104282062, -0.960350975093322, -0.6415652905413759, 0.1252913321081152, -0.4226156566858731, 1.2036148265906543, -0.880816857884708, -1.5449646543385254, -0.5823628386129408, -0.12220788135191513, 0.6555770586239766, 0.9608007994228884, 1.1489623429295326, 0.5401939579418232, 0.13087029678281006, -0.4278602099942711, 2.32023683540323, 0.5385757847232029, 0.6133416232532029, 1.1211724480300809, 0.8481679540099702, -0.7311266063032238, -0.7612474120136099, 1.387881189776555, 1.269684319672192, 0.06610608120037882, -0.05802879789875591, -0.4889812302717644, 0.7257476522119926, 1.6279023009422346, 0.3369308605674273, -0.9870045051370939, 0.6044232849305435, 1.2637142720273693, 0.4472012720333769, 0.3338081766639057, 1.402914835862406, 0.994072131218926, 0.4539920606894398, 0.8611498603319228, 0.2978656495377098, 0.13372316915237992, 0.6885191233971634]","[-1.680000267839977, -0.7032624883662957, -1.2351121620052423, -0.2151903868422853, -1.6310183591024003, -1.0794558516496322, 1.0019352324739885, 1.3945138376709014, 1.8106520986680354, 2.5867449689026087, 1.6492092696083243, 1.5908907113181172, 0.5984847374310079, 1.1343809601101689, 1.3685168967887225, -1.529995197074301, 1.8942237913790452, 1.7765155056935844, 2.9076635368076347, 0.31740814976815573, 0.37438259100079446, 1.967284599156339, 2.7891246106802776, -0.18609136174914975, 1.2499721812263727, 0.29754475704272076, 0.7697090158417069, 0.2559073847827412, 1.490081612790628, 0.32865615341485344, 0.6576444354021074, 0.31910432264574634, -1.13179739435076, 0.24249104913635428, 0.6010843330672274, 0.5919770416472989, -0.07326310739300593, 0.23534302160934634, -0.3959168290166739, 0.3915253040773001, 0.8272415302708405, 0.46864911711069085, -0.7171051963759455, 1.0726587310667448, 1.3282323700171328, 1.1980094406842712, 0.5681388102015763, 0.6651806051157609, -0.6666538059313466, 1.0871962155876183, 0.6535686676520253, 1.3850772626419081, 1.3428739382557544, -1.3515398349259022, 0.16779342665480249, 0.25289648211721977, -0.20876874668201423, 0.2394204735894925, 0.45072662787459516, 0.25587899405333303, -1.067260445117407, -0.6163892111954746, 1.111129764315119, -0.7530819220746795, -0.12734182175963013, 2.0430035210938593, 1.1128669423967212, -0.035331073271754804, -0.08124918019808625, -0.13891346861699724, -0.145292403415296, -1.1868987846397918, 0.44658339473899306, 1.3039366352371253, 1.671808132231068, 0.16104574092519716, 0.8725422329837447, -1.0037984881451119, -0.6028939166483688, -0.1289169499995221, 0.8707994827755767, 0.07873437070214148, -0.2111173447792846, -0.19841533890707885, -0.8654243494410517, 2.092390592962047, -0.1859708945291618, 0.7703160473115714, 2.737401305482085, 0.1625775495724639, -0.7557885039864631, -0.49860241770944674, 0.8964891866351546, -0.8640284448484353, 0.4875805191258388, 0.8714362470239665, -0.3725332412107602, -0.49091734770199763, -1.1362785015260035, 1.2389641071585347, -0.9576613261452347, -1.349284002650236, -1.5106206301410154, 1.3919032314968067, 0.650858442161965, 2.4553515826657812, -1.0278676459531984, 0.14102287213658277, 0.7915648626268127, -1.3827781990969867, -0.11299864770656773, 0.7687744176987064, -0.4177293627449186, -1.4443894806326394, -1.1028421824124186, -1.133059607806476, -1.3168250655378202, -0.9425590397891556, 1.140100222690007, -0.423731953755305, -1.0857831467504364, -0.7090181048320946, -0.6822086730041529, -1.8359354188067165, 0.3537515476542811, 0.5651632046660852, -0.8428153749720674, -1.4836526506708387, 0.06764597925032323, 0.39357651509718994, -0.7956301972738896, -0.708837027986629, -0.47038586832391427, -0.2289773640380362, -0.17469040551108267, 1.3666786577771464, 0.38352119417892816, -0.18554872059428762, -1.9535776647939662, 1.0995248310120886, 0.768929973440433, -1.046420273850287, 0.2723910166956114, 0.5847804896385639, -0.07928589425700808, 0.9851170880618418, -0.36877461624249747, 0.3199153057554193, -1.497137603546409, -1.7137071060843494, -0.6180893037175872, 0.0008314412218983634, 0.4093183900537943, 0.8595672998404172, -0.6556514575816589, -0.7799319948431084, 1.4023136845385766, -1.18534387643785, -0.37267730001225463, -0.08489204819547354, -0.6579911526535659, 0.28601589770192987, 0.05512538646729507, -0.053959203475290755, -2.276260766537133, 0.32260452711289556, 0.19635142342879808, -0.4184080710924907, 0.867786595128635, -1.4656277914340377, -0.65236142726516, 0.46303573056445424, -0.4427426895994493, -0.5350972734164317, 0.39894370155519027, 0.16581103500641164, -0.21203660105824756, 0.09693346545129695, 0.6455896747636926, -0.48359603901348697, -1.1659985568948237, 1.2602386572637112, -0.3745678233813768, 0.0060188448821042835, -0.6480551238972785, -0.4188659357299389, -0.6252717845846365, 0.21470720240812946, 0.903192412394431, 0.41598459863884063, 0.0698912443213539, 0.517666350908856, -1.4791018779838851, 0.5685695064821835, -0.20721744055598693, -1.0149886321789874, 0.8424572488261258, -0.4364157664142935, -0.45891868271104097, 0.7652232974462537, -0.12814589970639256, 0.7783375882106315, 0.10821312742638409, -0.8313846479186385, -0.21755196368905858, -0.3438033328328791, -0.5428774153920577, 0.9678011719010332, -0.40765235730144395, -0.5787171787294855, -0.7130113852643872, -0.34914372802176585, 0.5489797472214821, 0.010461576933190258, 0.8193100100717384, 0.024108584037564874, -0.2001359298389359, -0.5543399177196358, -0.9922420225381425, 0.992439186067785, 0.8478196412935545, -1.1684579148075274, -0.2309614219879689, -0.7371310375264204, 1.332436920133394, 0.8198752473976112, -0.6588951222418646, -1.1933817625149967, -1.378705052164204, -1.0573352738102524, -0.8716508719513878, -1.1040998509211262, -0.7404807007957387, -1.482500424080131, -0.968500068284148, -0.48595096932055126, -0.09566045031151606, -0.0506218461527229, -2.0231351498915218, -1.5657623169454817, 0.4474415535247146, -0.3357781078018154, -0.7293288744588459, -0.9149042941617345, -1.2596307000689153, -1.2021135719282552, 0.056660399680506755, -0.45255618023176514, -1.3292113783577464, -1.3254180019795887, -0.6158391140985003, 0.12301672189792087, -0.32378186965607586, -0.5545436377739198, -1.3979980400518952, -1.258393748109137, -0.720057464216338, -0.28739258586813643, -0.1322182000658198, -1.7545627079376231, -0.08683440905841235, 0.7359892375365253, 1.317323700972391, -0.8219343893500626, -1.8974148709738279, 0.5102320703266412, -0.9790046748962644, -2.334326001975502, -0.9918018619984782, -0.323038930085148, -0.838691218190543, -1.8328769394276185, -0.3557551073212719, -1.415825197785714, 0.7828585900654234, -0.2551103377738773, -2.115392071615878, -1.0455974387293252, 1.6617792059986796, -2.0261918340717737, 0.8768544854964938, -0.33526208233958993, 0.4437081194375158, 0.22404282648591126, 2.0851798953935474, 0.2805946405632375, 0.5350773664600554, -0.10467467563678566, 0.21578706141812234, -0.06781904281794826, 0.638494278081101, -0.9277549496362737, -2.1208192410632956, -0.5012600905655143, -1.0120498835109624, -2.26939335555792, -1.553880896456692, -0.5570366591161292, -1.559941889932054, -0.10564253733320617, -1.26918563819571, 0.054640049915895564, -0.27639853648481216, -0.7755359688477523, 1.907544180547588, -1.3212571201024133, 0.6276628936734938, -1.3729087959968427, -0.46789781881882936, -0.687863865013652, -0.9877936289605828, -1.1202853635881025, -1.267285274648985, -0.7464827077357487, -0.8727090868010581, -0.933857518727148, 0.5391061095737553, 0.3033089427915752, 0.18030944937274682, 0.6547893508995926, -1.7820377300169608, 0.8646947113887121, 0.5778321854610645, -1.4047485836397902, 2.1134537944241054, -0.6728032965064847, 0.8792745089046313, 0.7590657511117852, 1.4989646135165322, -1.4886215557113507, 0.6060220625247673, -0.49946235341700285, -0.14197737719016865, 0.8532461397761267, -0.831819997712918, 0.8178631099072533, 0.9085999848379758, -0.5166008693995788, 0.1807959112710435, 0.5179022051844613, 0.37454850344980417, 0.2738768290306277, -1.2848886357046687, -0.08756010885563956, -0.6868275422772084, -0.8108429370460578, -1.3571580213335859, -0.2526119971155416, -1.1253648208899116, -0.7781532847623298, 0.45502797394538486, 0.37454850344980417, -0.32525591318337715, -0.6427812936392749, -0.327282265646581, 1.1259839039342845, -0.3906914682481491, 0.02893934199411059, -0.6529823924677859, 0.26533963768389435, -1.346462741495487, -2.1597389533130267, 1.4852562101469229, 1.631420354380174, 0.5099973439994334, -0.21651014495463702, 0.9173814946836679, 0.1525356400622303, -0.06442391963154759, -0.4411009263609848, 0.45920864144284784, 1.3172444410764, -0.09530026874205635, 1.67639300070971, 1.4973543264086078, 1.2427557414464354, 1.509415571385527, 1.3702053630140851, 1.2873084017604992, 2.390115440961632, 1.4664114903359227, 0.8699148255628205, 1.8171801310004887, -0.22104752972984587]","['v14', 'v84', 'v58', 'v1', 'v2', 'v3', 'v4', 'v5', 'v6', 'v7', 'v8', 'v9', 'v10', 'v11', 'v12', 'v13', 'v15', 'v16', 'v17', 'v18']","[np.float64(0.16296214971243578), np.float64(0.05337701244803032), np.float64(0.05298742602772128), np.float64(0.04973342696984007), np.float64(0.0), np.float64(0.0), np.float64(0.0), np.float64(0.0), np.float64(0.0), np.float64(0.0), np.float64(0.0), np.float64(0.0), np.float64(0.0), np.float64(0.0), np.float64(0.0), np.float64(0.0), np.float64(0.0), np.float64(0.0), np.float64(0.0), np.float64(0.0)]",4.903137738605057,5.029537663219147,4.9007630120897305,0.8433436089035288,0.8653677718748928,2.0051875739683047,2.0139593613992197,6.133666386100614,6.182670950861222,6.26817028257584,1.0728297327911371,0.9943409553164388,2.5683783486260725,2.601526360238521,1.3252117998541875,1.3252329783667518,1.3070681952056078,0.05394767084963097,0.028565766982869445,0.07153566737878184,0.051535729045335765,4.683902767271348,4.683902767271347,4.380212523431588,0.7537248182591813,0.7909340014364908,1.8069596423029406,1.9232097896984555,1.5487086554103184,1.5617185356166905,1.6158052778963805,0.36009434748440683,0.3553750967233881,0.8738894333289686,0.9354013312801901,1.200459681793998,1.3943616723002332,1.2122097457345895,0.16987315071038367,0.1591844832880172,0.3049113681123135,0.3109657946795361,False
f1014_a,m305,"['127', '128', '129', '130', '131', '132', '133', '134']","['514', '515', '516', '517', '518', '519', '520', '521', '522']",f1014,m305,False,0,lasso_no_out_standard_k20_lda_nc2_sex_on,lasso,lda,,standard,20,2,37,8,9,True,0.9944157004356384,0.005584348924458027,0.004385875537991524,0.9956141710281372,0.5238365530967712,0.47616347670555115,-2.0458290702267106,-1.5255353530013336,1.9823238569675725,-1.3941464742343301,-0.0038392764346210084,0.06445729451072828,"[-2.083131524321668, -1.8145802079019069, -1.3758653269222905, -3.2063105081055054, -1.9890437609566451, -2.268405087912605, -1.5976677245721187, -2.0316284211209448]","[-2.1358429985146348, -1.301596096042329, -1.8473838073467055, -1.7640430145003518, -1.33562985209855, -0.9903152239392757, -1.3284704956682176, -1.501001335900604]","[1.9601291046336027, 2.1070649115177797, 0.3646629130972956, 1.841079479978454, 2.7674801496749417, 3.14639195269087, 2.709092268012329, 1.7126954250493218, 1.2323185080535544]","[-2.1673907753586454, -1.5129710592622552, -0.8666304643878006, -1.2292098030562573, -0.7766822759594529, -2.7922957659974488, -1.9557839145857931, -0.8273641704344915, -0.4189900390668271]","[1.3512396709682513, 0.41101147118016207, 1.3545428501515446, -0.21316368527826554, 0.8023268596194048, 0.7766795402417894, -0.17337780333308425, -0.675482228519469, -2.590047980963237, -1.852062297054431, -1.0311205936564365, -1.688983325726223, -0.6669036921651883, -0.42306173278534226, -1.7250584463220786, 1.1568707298926013, -2.022247314857595, -1.2509484957246673, -2.6122665124338136, -0.6904292860897047, -1.1320219062164958, -1.7681209339219572, -1.9302841586144808, 0.09372313689973025, 0.2450251271383271, -0.1561480918672101, -0.9402744828199839, -1.5483467957964958, -1.1131962616475022, -0.7729701922989414, -1.8470205086327265, -0.6684209393092005, 0.6388507762246087, -0.2028531368578835, 0.23832920895684576, -1.3784506859981276, -0.7147065624154727, -0.5989249457707655, 0.1616208546536654, -0.12790943756475176, -0.7329277578169281, 0.2806044163780287, 0.08693737204083182, -1.605528502348575, -0.9960858904407649, -1.2667588939031809, -0.8172572220931908, -0.4313763168261379, -0.46311466792062794, -1.1262812630048606, -1.4530324189157948, -1.3306143670902908, -0.23143709271393523, 1.1303342569677375, -0.3610296663724586, 0.6124676078150978, 0.3115778620353629, 0.15317885667871387, 0.600326984148662, 2.6011358489729357, 0.9247232658923404, 0.7841837285815473, -1.952119535272627, 0.9701706077843922, 1.4394697417349123, -0.6092317946289927, 0.933215466205743, 1.2680309099455391, 1.6827574214601628, 0.7995560019849777, 0.16759310053644305, 3.0712917264191333, 0.9395316841868119, -0.6290694059240708, 0.27226791982317783, -1.6326885728309588, -1.579119464831972, 0.18788179169615385, -0.4758615574947179, -0.4967522917420511, -1.2793752599312276, -0.4743778961937996, -0.6772849261484808, -0.3977862003318794, -0.3446786999294513, -0.7294550617189328, 0.24430006453992975, -1.1640872069732067, -1.6470106916963243, -0.5342011930537858, 0.5982824832344632, 0.8547428233479551, -0.33637230910678545, 0.06906225218136663, 0.2589024651317752, -1.1478282447229033, -0.4573648213896984, 0.6181600092060325, 0.9217003824619545, -1.4927242548390078, 0.5671532243013977, 0.7972511223134187, 2.0335050756487316, -0.39692118239001356, -0.17048597252136768, -2.3004591811105066, 1.9690268429523585, 0.006092116786614325, -1.3683499541961524, 0.35037264256252393, 1.9249890948335717, -0.10426426906203563, 0.3743659333394156, -0.3082657798098044, 1.8459500277458623, -0.42660689883665465, -0.4371465822129875, -0.3893581499166376, -0.3942655105109937, 0.8012217547295725, 0.843728835940661, 0.9688646769349648, 1.7685093097637308, 1.3125742157495284, -0.26779238775720493, -0.3299792504309604, 1.0573060553416795, 1.1145472769829383, -0.2132446195324056, -1.7931080751119963, 0.39005280031949, -0.040045122159923126, -0.32306695047509715, -1.4079335893905038, -0.5891597514718683, -0.38933482511608947, 0.028314591452802393, -0.49490281657490315, 0.5325059016736453, -1.3387585111873481, -1.18683583253365, 0.8898681811680779, -1.3101465311268774, -0.9786606464050244, 0.054441976750970046, -1.3636485355959376, -0.481651876554262, -0.01244151173078871, 0.5650721385910283, 3.2318467351553952, -0.45076875006420203, -0.26971712257147556, -0.4829373451971601, -1.6997678948913773, 0.4243889371494245, 0.6928795156444071, -1.2880969539436018, -0.012489977284050912, 0.9983737648346819, -1.0484380707504073, -0.047039996573710795, -1.1598306156654985, -1.1506466651948748, -1.2249412964774826, 0.8222954727239526, -0.5216027386606761, -0.9295365601626681, -1.0976654160924477, -1.5506051697617473, 0.5769268780552326, 0.4433636045700236, 0.8347717168139691, -0.3610020782161081, -1.1905405362619588, -0.3892769177392436, -0.7723621675316643, -0.15067102541442273, 0.05796303033181344, -1.1518088242161661, -0.21210801174666669, 0.4547433569773195, -0.5097156063113921, -1.8005178927178982, -0.5207181306149958, -1.4205650006310915, -1.0262664250651283, -0.5376385277023118, -0.3705872417452333, 0.21196519897738159, 0.24638733017467415, 0.5929473953614025, -0.42736993196704537, 0.8018625050921956, -0.37505395064571084, 1.0395048383511711, 0.283841667623894, 0.6010625269151002, -0.4978380525175082, -0.04865643662807131, -0.18564791286009494, 0.6902443998948649, -0.48365557040105345, 0.5316249198085878, 1.1181144570319959, 1.3625606038736517, 0.8109434406832708, 0.5146105896953695, -0.3481703643340681, 0.08601375661681356, 1.3471056413351938, 1.6804210555499373, -0.1723170030664531, 0.3066418878865031, 0.3799090170768069, -0.4671992459900837, 0.0495968304388971, 0.23630380461577596, 1.2845866082111652, 0.8425722415520602, -0.6839236899629915, 1.263524103185534, 1.0618703203774484, 1.0897387034733004, 1.1966471099096554, 0.7434691780977641, 1.3406741965928801, 0.6317350410237714, 2.2227457732663845, -0.5175474215920107, 0.11287882501504361, -0.18089900522118377, -1.0087026171775197, 0.14109992299843999, 1.0264409898843558, 0.5907871041901097, 0.016080513476047657, -0.42839258167685523, 0.3473556350819536, 1.3983963928226821, 1.005578387770063, -0.053357241997729093, -0.6229544484277244, 0.1082886977675891, -1.0206082394194038, -0.35391748784924726, 1.4360477028354934, -0.9687967092507839, -0.12152732411934912, -0.19210736991684024, 0.06261334999754721, -0.6359131578865916, -1.1875804569510942, -1.207832985510103, -0.45177611187024114, 0.10914063373536159, 0.9460294752099974, 1.338017893211515, 0.14455692284056698, -0.14485236703419893, 1.305720998721246, 0.001384673007552742, -1.0826809636075074, -1.3339917759108915, 0.536715279679125, 0.4134851874746456, -0.23748357787650123, 0.555827896001528, 2.123116962887133, 0.6343990750301793, 0.9629300141995137, 0.8540521413609483, 0.48655147771778834, 1.3252312739746193, -0.7362548372556166, -0.7491397241282004, 0.12299196692170367, 0.8006974080264427, 1.9945047896655534, 0.3566819836041174, 1.0881568358950175, -0.25797677072580627, 1.0345119192060115, -0.13762462514164672, 0.22123609589432292, -1.5537268349210451, 0.6660671768228292, 0.19943298275645013, 1.264042498657355, -0.027041183904390743, -0.3580251914620597, -1.1082763649177991, 0.4467828309718787, 2.2636959360129416, 1.5920907728823805, 1.0047928884663462, 1.7205065505869201, 1.0276955697115966, 0.6455164263539884, 0.025465380116302363, 0.49195448511718814, 0.6503975465914462, -0.2535867990865621, 0.4086467056489948, 1.8365024659280802, -0.3349896438061233, 0.7604442504621659, 0.6203538856246471, 3.0466266292821316, 1.9763704523200443, 0.23260843659283045, 0.8970089736031405, 1.2333670145945055, 0.3518879229682961, 1.3067593828309498, 0.8516956679239048, -0.6642051623576927, 0.7613127525619271, -0.12463660104416895, -0.5285929826877953, -0.4727875830169525, 0.6538567377996796, -1.2740286790963267, -1.0407448640912471, 1.4775681623431056, -0.7147177109440587, 1.7021005826640252, 0.39597663410091904, -0.3631942560495735, -0.6311866396635438, 1.1317395340415777, -0.1984702467005054, 0.009957420525205821, 0.05826612764754152, -0.24237443418325946, 0.009032727898123769, 0.7423312162095507, 2.535123478979082, 0.8482901644067888, -0.2575215532681453, -0.0702827565262561, -0.6331002593610049, -0.29952359588809907, 1.1411846252282174, -0.5655417252084189, 0.815425111144313, 1.07037502924753, 0.32015105704389024, 0.9430147871478263, 0.4781155806962776, 1.4817109891143423, 0.4466603873765292, -0.6331002593610049, -0.6796096800054978, -0.7074436730420333, 0.44900689586491366, 0.6243294580695354, -0.8786401228512671, 0.42444643752304667, 0.7894451139401296, 0.5269185836526667, -0.5295111334167433, 1.4648310671261975, -1.1392524319539978, -1.8531681434604337, -0.32000904192546065, 0.35645022030982465, -1.9395471923630891, -0.1159327205830641, 0.3486523735682067, -0.46408715871761896, -0.587564820358533, -1.7564901686658092, 0.007296804184402831, -0.19597898691866444, -1.766047648864952, -0.5114170376351631, -1.4303134608353287, -0.47248842143744174, -0.9988239624666944, -2.406553304976397, -1.453190994725447, -0.19818699404407567, -1.9085120584745683, -0.38866509842789804]","[1.1689631532138718, 0.5325723169895822, 0.0031285174775604143, -0.1821841734515779, 0.5561459947197319, -1.2059663155776603, -0.8288205811309292, -1.3678204742126903, -0.8229598145550703, -1.7503519116924693, -1.5173222434278235, -0.1572190509334116, 0.16804617588497217, -2.6139122907019887, -0.6260332404862895, 0.19401901401582156, -0.46442348268003353, -0.8654443204136523, -1.7270335524983131, -0.833698802643446, -0.9337074378332365, -0.4501814789746001, -1.2975644456269297, 0.22190336399955907, -0.8591632245012102, 0.7187197053987937, -0.7969450245065126, 1.0882866005529197, 0.7527614998608425, 0.8692309170835081, 1.0303313179000344, 0.5664236996853391, 0.1954513992545326, -0.5974621307155494, -0.41528512523186295, 0.33069234491010524, 0.7202299516480261, 0.45650436628051844, 0.5804352321737538, -0.10803883679106496, 0.9473663774780281, -1.1361022607279498, -0.10580211123662848, 0.3419454529690293, -0.39485452033614177, 0.18857341776049005, -0.7580751831349284, -0.7940885947472888, 1.8598097599395689, 0.1216130458788575, -0.10502921858376583, -0.20848951814698108, 0.20107598982024052, 1.515759951083369, -0.6106374724427956, -0.03566026534552643, -0.8314477661352595, -0.34623456743700365, -0.8589311692138157, -1.5784159946710639, 1.3505857835848551, 0.3223300425337044, -1.162807322066176, 0.150153896711138, -0.6438097611670409, -0.5934239255967868, -1.520406064152379, 0.38109293463164645, -1.0944084696021437, 0.0651470899874008, -0.41429552426516286, 0.1352121013970561, -0.5188864101449886, -0.8714966130262387, -0.8240049616622425, -0.5397038779762141, -1.588206121512702, 0.2629603324481221, -0.3923475057725691, -0.5780463258246694, 0.10835578213596674, -0.029737166259549214, 1.270563592730237, -0.5378026979699817, 1.1432765907409934, -0.667224293890224, 0.19283792936445981, 0.999158879550345, -1.9144972655784227, 0.2105697253269778, -0.40104486905574493, -0.5163865808256208, -0.817417724411587, -0.46522775795452975, -0.5905666672043174, 0.19160758334780661, -0.501596502033116, -0.7283394256372406, 0.7956560084281702, -0.9883743560954301, -0.1298627896847807, 0.576742973146228, 1.9507252554271632, -0.825671440623936, -1.3782184121104433, -0.326911441375987, 0.6659530646075927, -1.247511993115556, 0.2609850803257946, 1.0253998620136593, -0.7387493912714029, -0.18700630904369964, -0.28015426328278675, 1.886743781218951, -0.8038804575023101, 1.6607509571707477, 1.1930098835671121, 1.9179745569612636, -1.6561449756701883, 0.8400408666396829, 0.8821030281523798, 0.6828943599092328, -0.09245545199489184, 1.2302248691003599, -0.7159920286132792, 0.9474184289623636, 0.015561603895289287, 0.47249517120424567, 0.12099349107962473, 0.2867663912804214, -0.5087901429595819, 1.3321343011603808, 0.9581104939052201, 0.5546371527564713, -0.03554459235736041, -0.423324795354811, 0.17846949979230717, 0.6090676126538052, 1.0763618341816028, -0.5775372376894848, -1.1419849422979358, -1.1743726444251956, 0.30039312945933044, 0.6828704746921218, -1.7646835644316508, -0.7650285783505318, 0.8819042488729583, 0.537784462441828, 1.4589576249792275, -0.22663438185508542, 1.1937951484942568, -0.015159532815463063, 0.8098407015849296, 0.39671712189788466, -0.3779331527946803, 0.9438921151152161, 0.5664022225867386, 1.3734702533914778, -0.6710060913315489, 0.8073452609449385, 2.2116528045986024, -0.4718765001095012, -0.8511345941253061, 0.8850668202045829, 2.7334203254799463, 0.46372532065754063, 0.5537553994061911, 0.7613380357864309, -1.1098914259485515, 0.6848064574508186, -0.8712853567557453, -0.31996005763470076, 1.0198875352112324, 1.2768755024570742, -0.23712226179477056, 0.47538521426953106, 0.796681122620009, -0.08845734190507165, 0.9414587318753268, 1.3579809169204602, 1.9766441641158667, -0.6664829346151644, 0.7199665471683585, 0.9957315994554433, 0.7208150692671521, 0.2906091739144293, 2.2121236689059782, 0.08632912284434036, -2.3469357974362515, -1.7612827582097672, -0.818102085252031, -0.18764242314100293, 0.8384675988697943, 0.2864239126003138, -1.062917690001331, -0.04384745571652855, -1.6920785779313539, 0.37692377413023803, 0.2803143377724557, -1.6329854186690502, 0.19271024536614423, -0.689612084752396, -1.1570909426449016, -0.946641496866606, -1.5469459733186346, 0.5736785807478598, -1.091992702395334, -0.7804431627188507, -0.14237225650974555, -0.20919842921978343, -0.19916128019585577, -0.3952838638489771, -1.2155838147418414, -0.7872192646467018, -0.7442678177074518, 0.1677497876884603, 1.9867077252994876, 0.2522802980154392, 0.1444851188003948, -2.0805698951600293, -2.2579994857119203, -1.4588167912759138, -0.9666991569672827, 0.583314594584542, -1.6823956258813937, -1.8697070025374114, 0.8049046864122841, -1.6761886633126037, 1.9470920324862973, 2.0595266269071684, 0.7844216867069322, 3.0157755079169752, 1.487163185533592, 0.14535440812192588, 0.8831192105247493, 1.4838980238623076, 1.5226781536378398, 1.1169338586325614, 2.2569977958445575, 1.8207216143959224, 0.7421741088018166, 1.366109411434891, 1.4710779609411058, 2.5812812801889535, 1.1846217308396594, 1.4655061004593686, 1.6877292532116042, 0.2575922966032887, 2.041887328572978, 1.6147048259700258, 1.5994535791550548, 0.7243030287708137, 0.8987475854879515, 1.446172837512801, 1.6492005680241382, -0.5002391349716679, 0.5155150927401039, 2.0845778517543225, 0.7848396114143706, 2.1611758205383746, 1.6480713258249509, 0.2797325752255086, 1.9103102607663134, 1.3110050741031944, 1.1367890057976078, 1.4051804888574768, 1.360598955672909, 0.150627836587561, 0.13350831159560592, -1.0213013707450898, -0.6608775140284577, 0.7982007926707877, -0.438704923472191, 0.7616381919991725, -0.8994190587278218, -0.6693615873520473, 0.17976412171146547, 1.0635786379795278, -2.674373612458667, 0.2540690983883486, 0.05699665145473636, -0.6833298434812872, 1.056032534675452, 0.18365189807101281, -0.7248497025468279, -1.896483092688097, 0.6471895290495759, -0.7986854005191494, -0.32753723237735677, 0.3560399684075384, -0.9183586600615634, -0.15355632971248578, 1.069512127476797, -0.41236935498087834, 0.587873359971497, 0.8427789768954108, 0.8881274595954756, 0.5740422924745614, 0.6211881153054468, -0.45746584906587223, -0.2510797153477584, 0.5071559801042733, 0.02750494133792316, -0.16161739575999015, -1.0108073167522578, 0.8002048678601349, -1.0006084474410215, 0.04293292654199077, -0.2557977970165377, 0.5893370382871256, 0.43072186339425783, 0.8420667090355273, 0.549113682068207, -0.1931279533866707, 0.2585992348086083, 1.123451076040573, -0.29788138796820574, -0.029170028361484912, -0.00675447284633422, 0.37900049273610786, 0.7048190551479352, 0.027830784749177804, 0.3973783583813131, 0.35343854481351217, -0.04519854769378881, 0.002059173740478381, -0.19416255326583223, 0.5435733401579858, 0.06912109948304555, -1.1083177761145264, -0.8144639413706305, 2.2117412469851008, 0.8304857976173822, -0.9082576901367612, -0.299780251048666, -0.13940049585319927, -2.9383887431311417, 1.4590739348737707, 0.6283852970425737, -0.2545163563066888, -0.9100547721942387, -0.3606130619535786, 0.9705110956091417, -0.4493520250372181, 0.014831890791152297, -0.9306773831866538, 0.7408840146044892, -0.3507340784096187, 2.361210067538542, -0.21421683873731445, -1.0731465328045164, -0.9100547721942387, 0.42036041858342665, 0.7329912906354774, 0.31865116676567273, -1.1876666906591973, 1.223592457427169, -1.1272059358805984, -0.8267309725708324, -0.2545953479117495, 1.1846543802317349, -0.3583674495498646, -0.3315469265030736, -0.04091083970542726, -0.9968596923670566, -0.10197220536587175, 0.641970256184512, 0.19906378751102924, 0.8211227478906675, -0.024899077906008642, -1.09679925433016, -0.8983896460316986, 0.7468127985524432, -1.44945050530985, -0.8130782987173565, -0.7484714134997957, -0.5752900872607725, -1.3366283935740189, -0.9080906611916031, -1.1782732785261258, -1.0809298820701125, -1.630276258955609, 0.26407013708361426, -0.0629885349762555]","['v69', 'v9', 'v37', 'v20', 'v13', 'v22', 'v54', 'v1', 'v2', 'v3', 'v4', 'v5', 'v6', 'v7', 'v8', 'v10', 'v11', 'v12', 'v14', 'v15']","[np.float64(0.18044793921814087), np.float64(0.0780156371714628), np.float64(0.06281299636429917), np.float64(0.04674224480637994), np.float64(0.01496199343062292), np.float64(0.0011066642712352491), np.float64(0.0005279295618187983), np.float64(0.0), np.float64(0.0), np.float64(0.0), np.float64(0.0), np.float64(0.0), np.float64(0.0), np.float64(0.0), np.float64(0.0), np.float64(0.0), np.float64(0.0), np.float64(0.0), np.float64(0.0), np.float64(0.0)]",4.030295155733326,4.113273544705425,4.045191483056822,0.8255419917101031,0.7574930688171977,1.4692014357260834,1.3556417613875902,4.159541805961286,4.721700448494932,4.649325478532207,1.0440987040448706,0.9989354771060314,1.919983816100051,1.7028773691297407,1.3118460623677826,1.2824393377918284,1.31781890017441,0.026203545497886758,0.01574543372610776,0.07235167498743555,0.04049792970738786,4.028152927194283,4.028152927194283,4.017509077354909,0.7506856232632458,0.6632502287695704,1.275596307494709,1.1826822433418038,1.0450010948252542,1.2504934331093038,1.2290585639207685,0.2843975447756528,0.3003610547100505,0.6218441434618611,0.6298081214596191,1.3943281964886016,1.3481722387407484,1.3413858574168702,0.1424028081463175,0.14934056510374738,0.3022174460678,0.26951355768360014,False
f1014_b,m239,"['135', '136', '137', '138', '139', '140', '141']","['433', '434', '435', '436', '437', '438', '439', '440', '441']",f1014,m239,False,0,lasso_no_out_standard_k20_lda_nc2_sex_on,lasso,lda,,standard,20,2,40,7,9,True,0.9897598624229431,0.010240212082862854,0.0005660388269461691,0.9994339346885681,0.5238365530967712,0.47616347670555115,1.2562888398874559,2.3453556224800063,-3.6505460375383856,0.5863881362304701,0.06265857411102436,-0.05649735047769369,"[0.6023680593125994, 3.120262945140994, 1.0495948604316923, 1.0498065014416795, 0.3374896448973717, 1.2618967390938536, 1.3726031288940017]","[3.333295007791104, 2.2795133159199747, 2.782753500256813, 2.5247204439209714, 2.7294277133368463, 1.4788963811570273, 1.2888829949773075]","[-2.910852428362197, -2.710837674146986, -2.9763726774674812, -4.06505080703859, -4.592590473711549, -4.528999056963823, -4.68375095442332, -3.192001305832803, -3.194458959898727]","[1.3316774694501745, 0.1417916124224793, 1.164304600196679, 1.051874740465306, 0.45455854091951137, -0.7802051892880947, 0.1251367673566154, 1.1061965973754897, 0.6821580871760704]","[-0.14287248933414154, -0.8297245182917055, 0.472031508655316, 1.208740049975013, 0.9470622572685797, 1.466721049537341, -0.25290182573897924, 1.408355364655292, 1.470747249671809, 1.5479835123415764, 1.2822594580199886, 1.1489786228648662, 1.0568214995697596, 1.7831990043930095, 1.0679315984641815, 0.9047026548443772, 0.5972174978967939, 1.7095776710667343, 0.5631338510459762, -0.14502439180066068, 1.9260704121783059, -0.8258637010297749, -0.15569527234839278, 0.9405825223208267, 0.8638761514069209, 0.247043827153872, 0.9290827042599578, -0.9474583258207719, -0.0002279805748676064, -0.0925090318852472, -0.4866207538557481, 0.5023559637308386, 0.9350136900309516, 0.1659898500752265, 0.20665253440754516, 0.8086115345457199, 0.21185970250055985, 0.5436545792910489, -0.9014762203655667, 0.17784223926048687, 0.21113194763865845, 1.1196160209285864, 1.784824997929975, 1.1225309449467051, 0.7024777129489645, 1.1124268906880301, -0.11016647149213102, 1.7606360171863509, -0.7139184460144138, 1.003909959441353, -0.5486244975909149, 0.23499586297794675, 1.3834881780828676, -0.9298048415817728, 0.6964188126215823, -1.4362492667232545, 0.8847251927050369, 1.120697049193667, 0.24400329725816505, 1.8190943083004683, -2.866027676782258, -0.7690334962459499, 0.43983114882310104, -0.5364933214037545, -0.6442602067528053, 0.008064423668103685, 0.8008616657702218, -1.2336853475558367, 0.7844603128000814, 0.07061643231773856, 0.5383417752454408, -0.13186276640839598, 1.19585574630556, 1.2607973353752524, -0.3965361607466279, 0.6714666174850024, 1.133522331182692, 1.0216083147940895, 0.045694717083304776, 0.6477899417019125, 2.407290799450577, 0.8910500209543923, -0.27681818590378404, 1.7935617433669375, 0.9951866101985805, 0.783382146541181, 0.7294143784336655, 0.27592536621994873, 2.3555383290889695, 2.087838280841163, 1.617004784304264, 0.8869098972584051, 1.3440780772267322, 0.9331185836908085, 1.4053062906431157, 0.9582601871787481, -0.22884863164544614, -0.10316711527704826, -1.7241446371790332, 1.0233031594731232, 0.11370286414699805, -0.7634326917114909, -0.8281761428694587, -0.34196260771108644, 0.8795180013622947, -1.520887981638568, -0.00784176557287985, 0.9462262799866857, -0.20332297334313193, -1.5539870426141713, 0.7774381200201399, -1.5953802803824215, 0.07326492487850646, -1.1530288610823005, -0.6955718736061607, 0.04324030361192055, -0.47874403134639565, -1.1138212005084172, 1.5368207790596062, -1.2333793266303004, -1.30432143115681, -0.7852375932660369, -0.9081774490145618, -1.4945007261186838, 1.0711668081075802, -1.3836673764921095, -0.25408531543711504, -0.2648599274309621, 0.5795788551968938, 0.1279234081047525, -0.308758043320155, -0.4095917346030885, 0.015051905715482816, -0.41936545195536445, -0.7143869485173154, -1.2128644877302632, -0.6654019956538435, -0.642782541730943, -0.5534958750120668, 0.45827829166745954, 1.1337206079021773, 1.494408684776515, 1.109478352618795, -1.3433246851627276, 1.1408722311628112, 1.3118510336919127, -0.14862251508800758, 0.2644671016354202, 1.3937155224657103, 1.18016447331692, 0.09850877666610057, 0.234588205790595, -1.1536578051432045, -0.5291107866184362, 1.065231208256503, -0.3567365819899638, -0.2053912189167248, 0.32369184171956883, -0.36111613737973824, -0.281261634786363, -1.924439263684129, 0.7650729286806618, 0.6176600222719528, 0.7669299289135495, 0.1670733203011117, 0.44899156337672624, -0.2311145458870458, 0.7918929994548244, 0.7656639892209344, 0.02083759362044525, 0.8329520566338797, -0.16277433583957035, 1.2514183237343437, 0.07978287302958824, 2.0705213918789327, 1.7007678701574913, 1.050638583261027, 0.5171554927155938, -0.5735823812208641, 0.702909408174393, -0.7521101041016534, 0.7355487269135524, 0.08577786753896774, -0.026287403186922437, 1.2589985775540178, 1.307471567424215, -0.24493460255676341, 0.037748224756208065, 0.7468848185874978, 0.3823142105632185, -0.06710963468346888, 0.3919736022550729, -0.6680087670859075, -0.058350356561568964, 0.19705369512451792, 0.5406319061240177, 1.260579202504831, -0.6063510994283122, 0.3497750300662939, -0.7463777373562428, -0.5833855911358656, 0.03795390750885705, 0.9278818808983856, -0.20861889400428518, 0.657791942652633, -0.10178275415734532, 0.6829176351749562, -0.24286293123983474, 0.06625972369172248, 0.3392408494210235, -1.2509780220813147, -0.19590057154499319, -1.1062416777145585, -0.6228226104599656, -0.8136739600383583, -0.8224757928525, -1.1938612873921148, -1.155301498295996, 0.12213765055191983, 0.412070524901677, 0.26819546050211995, 0.504565532544131, 1.0446942654306444, -0.8389115026753752, -0.8057660603311223, -0.7588703888403918, -1.7733570683961701, -0.14191822287109523, -0.955410654446936, -1.0862228351273695, -1.5052778945494323, -0.2310789021410347, -0.6288017151589022, -0.10447363293122328, 0.520158230135168, -0.20525255121543728, -0.4960221411632317, 0.06282652334028113, -1.724713163413922, -1.879956052998284, -1.274434507331113, -0.7633715860319766, -1.0778964173813859, -1.5959657471939548, -0.8885047279727631, -1.4866660113145673, -1.2962411267118616, -0.11368192633441808, -0.8510341370781449, -1.1655101539317791, 0.047090587101245855, -1.7797385947111808, -1.196994167212096, -1.2295623675620857, -1.3265014904401324, 0.6145058838494251, -0.741711099808896, -3.045970892277776, -2.608652739240507, -0.8372981523358595, -1.322812842750746, -1.9967975747155793, -1.6429337579378192, -1.0886871269227103, -1.5599723083137966, -2.028916483171571, -1.611479207250913, 0.8471626234573084, -0.7943544073659717, -0.3896974418217885, 0.30439111230698757, 0.013608796877176558, 0.3791675744879489, 0.3265129993145082, 1.2454637132787783, -0.05574973015393028, 1.073112165638664, -0.1527552522185217, 0.8311593923979477, 0.05574169697548517, 0.7713453727211542, 0.5613184040866442, -0.9646905875859162, 0.4514826029113294, 0.5728890514355456, 1.3535190744779315, -0.33892764001698356, -0.6760217796951097, 0.26948023741799504, -0.6982787854695633, 0.04126400627945273, 0.9985142747636916, -0.7740464427918536, -0.7745336201010431, -0.33236423045264657, 0.617383226189112, 0.7420232773324063, 0.24349192066911574, -1.652301033287499, 0.08374454471095649, 2.059895435371381, 0.37353608813852207, 0.27249673671419333, -0.4162144459986225, -0.1386177336162726, -0.5013268151950201, 0.5444874312732464, 0.25815038323375306, -0.40112972747099673, -0.4035562662332751, -0.20060868721438443, 0.5242128588927368, 0.5347270734643247, 0.19416435019795505, 0.362541987669036, -0.038316521370197094, 0.06239823129527243, 0.6801036608785705, 0.20255300921364278, -0.2663131642791485, -0.118952912913978, -0.9057496162838231, -0.16904879310981077, 0.4871459351548531, 0.10755831160891412, -0.45703355318527866, 0.010977244457659852, 0.10440132234092374, -0.10473989943678418, 1.3604719618791263, -0.7967363682722943, -3.397376320665221, -3.5060013364472256, -1.23455852763209, 0.18726102246920498, -2.550668968849768, -0.9486852198090688, -2.902975192640862, -0.9781483102736493, -1.1726519428229834, 0.9544422577987617, 0.4215147003050719, 0.6966254974002707, 0.2450462644874621, 0.32767006802939086, 2.42813204739361, -0.5656669807822687, -0.1727848022914699, -2.1792754812418473, -0.8122319375513746, -0.07105350732827136, 0.9544422577987617, 0.06696371074617663, 0.47421467904669645, -0.18281492479356337, 1.0885561920312044, 0.17079893404446045, 0.39528976160974055, 1.3668841230705495, 0.7459253397549296, -0.2954165157671719, 1.4335240552243071, 1.3503698657402918, 0.21984384201603321, 0.4231907486599846, 1.0086811268520108, -1.0217955553581548, 0.9579272438048896, 0.4016368874221866, 0.38630849755051705, 1.8324050056136036, 1.5614107616209272, 0.03979203913418887, 1.2193694561338067, 1.0852903353972005, 1.345650992884703, 1.7967792423566085, 1.087190458408728, 0.8275122360877127, 0.8740663006853577, 1.3596778290807587, 0.4753763625153159, -0.3310801053951107, 0.49337956162041957]","[-0.5385919222790934, -0.5048009402836607, -0.44972799937439173, -0.3702574786809101, -1.1671166919518627, 0.760170918524466, 0.6965356000480436, -0.3855209779695265, 1.4148135782855875, 1.879682560046317, 0.6212751486143266, -0.32125963654756895, 0.05429829182366192, 0.6710060327978697, 1.076071918917158, -1.1537282359732013, 0.28963176608619323, 0.14415349112368928, 2.4888246040782063, 1.634187091079964, -0.5871144357242134, 1.2660783424112296, 2.242737220932828, -1.20225214435495, 0.8613525573805209, -0.6254002419099434, 0.0065161391645141556, 1.3083896326065567, -0.8769566127617927, -1.5320455112328948, 1.303572891636398, -0.4071233458316755, 0.04217246394153088, 1.214052329333033, -0.3983364024379616, 0.21989963458465814, -0.2702096123800852, -0.14248909592035702, 1.0407257989731133, -0.5082031821833732, -1.0199959059483854, 0.12820410948064484, -0.5634948474407155, 0.544962360165491, 1.0328916332720353, -1.0161314653935047, 2.4722248270650793, -0.8662529807737623, -0.8326771216478943, -0.9094278961044538, 1.653619243831503, 0.3487482938665318, -2.160057353578914, -1.5123430928751933, -0.9084525879039687, -0.22743803409000296, -0.35586058314803465, -0.7048419316984899, -0.7228676930358141, -1.3130358984683077, 0.6103694882257612, -0.8346448899489755, 0.9259706423400659, -1.9962430440159216, 1.0650360820826978, 1.0966902239549166, -0.5767012187048074, 0.08623663402545652, -0.22136071186592043, -0.1788449988671824, -1.1351278055417096, -1.1761824604097244, -1.9390687869562186, -0.6748526311561228, -0.9909914618451148, 0.7164840661252744, 2.4226082247529765, 0.5246291594734015, 0.40506751144531683, 0.566717140371329, -1.3765276010728977, 0.16832579617894375, -0.08675262322186501, 0.66906984321276, -1.1110758312429783, -0.3904906499643926, -0.39933330302179615, -1.1325821560607972, 0.7607364457709428, 0.127894277466587, -0.14157154020775978, 0.8853349219006851, 0.006832418117024428, 0.7906874560718676, -1.015093773262593, 0.42561375007902397, 1.234682363434261, -0.21582755314038576, -0.45785294291229583, -0.5414167680071574, -0.8590117101030581, -0.4687524791080394, -2.275305255028599, -0.6599255542360598, 0.15978715093586798, 1.5213581208543938, -1.6959548666912845, 0.5657292713346219, -0.862806257156948, 0.01919222065922469, -2.112832485823256, -0.2323004814251832, -0.2672516611360629, -0.396295479865568, 0.12960141716923085, -1.8643707829083325, -0.7407261646565823, -2.0912922569490724, 0.49094684361942503, -2.293313121083356, -0.9187757839885056, -1.1008716140491968, -1.5137809197615806, -0.5022035252851441, 0.18278334538480595, 0.06998256599267508, 0.1730719346721728, -1.4360779862278825, -0.9831809905525416, 1.6103096021200007, -0.3204153375867411, -0.5493982976675863, -1.2056711487915177, 0.8399369732310865, -0.8236254222992018, -0.6703714567073794, -0.5575894480079703, 1.3709190444272612, -1.0667886910388376, 0.3598016762782699, 1.6522682970492304, 1.0674865946568597, 0.12693976410532123, 1.2634971888014828, 0.5088407725463523, 0.5993238788389239, 0.1562214204191591, 0.3789116768797318, -2.871332302976403, -1.2937563703761028, -1.1756561828126144, 0.17127326858810407, 0.4538462345182696, 0.8761567402893302, -0.29869514251118573, -0.3132764198603581, -0.5273422145680905, -1.811900754186719, 0.25718886385025935, -0.2041152859423204, -1.3494569804032466, -0.691282403792278, 0.9250694903408468, -1.2792344547162648, -2.207900500253583, -1.0753803565109503, -0.6429455542279074, -0.20589017814308122, 0.020977458942357148, -0.8432388226824242, 1.666741841847823, -1.0946135482991834, -1.1238874649675357, 0.90905284394515, -1.657080938968469, -0.5221379863205446, -0.6891553704379119, 0.23446486458148985, 0.1433479315872523, -0.41030567066507906, -0.10634749219473123, 0.29382544419621265, 0.2376300975143304, -0.7573946017575494, 0.7481315350910323, -0.9779870476180366, -0.9936217738717047, 1.4916485165393099, 1.3532022426235775, 1.4826557874158952, 0.3796722688280462, -0.4517275170424162, -0.4099224648833662, 0.11020261560835044, 0.7110665175720055, 0.9758366643019505, 0.15820018764861443, 0.6512258841262342, -0.2702602288901295, 2.401591819775432, 0.8850839188484763, -0.35990910412828087, 0.07348000804453189, -0.17645715822695113, 0.7463274278227425, -0.6862450802194364, 0.9314090154599995, 2.0171427150289754, 0.5031701263298799, -1.34550350694411, 0.3278716142466901, 0.22188159994896806, 1.3842760941200363, 0.1766095529638424, 0.07469360736974451, -0.07940590504889475, -1.8524191314604304, -0.4583800180074088, -0.3563411300705609, 1.6189994573387796, -0.028439179188745386, 1.2828022555141072, -0.8230130474107964, -0.4743349301484562, 0.3483461740475999, 0.8424558267629264, 0.03869518466646363, 0.15507657943876255, -0.37316316010232686, -0.5485115114570059, 1.5810855780805246, -2.051943554137658, 0.4353218620596178, -1.3072223104976033, -1.2205257864819956, -0.8317369138369729, -0.7390282259565266, -1.461740823348636, -0.15334972958046192, -0.4434028415645788, -0.19396258780504808, -0.5628160686440652, -0.2498956247050986, -0.5134343731865938, 1.2386424359440562, -0.9769838835913718, -0.9733373649102818, -0.8999757458031018, -2.17208216428039, -0.6387442299062155, -0.5902800900497048, 1.1007477522332416, 0.8789040846960924, -0.41739048824065683, -0.12443501270284209, -0.27814431689335356, -1.5191221737451797, 0.9733442635122016, 1.9642297329154415, -1.134864736426423, -0.9174342517445898, 0.9584993941124489, -0.23704628848598833, -1.8534710068744114, -1.0791625770195241, 0.47582839435955665, -0.87419286295044, -0.6333595920406546, 0.16408501635109973, 1.062390434754232, -0.20771813428104902, -1.285449966829268, -0.2584630045155916, -0.08705211359252343, -0.6975129319145743, 0.29748167919351115, 0.02567668027826322, -3.3512039359886465, -0.40128425394337447, -0.33432784232122453, 0.5194837945963113, 0.6148978257466684, 0.2005890868952869, 1.0246831058587142, 0.934693563910292, 1.3061636205355485, 0.0990411535868889, -0.19213732073110273, 1.5044313742073108, 0.9941373332637831, 3.0853810480049355, 0.6316949255068145, -0.6484254281156044, -0.17793473493541098, 0.03469734804728342, -1.0637665432616035, -0.8831702384661139, -1.5743373577898718, -0.3786412409920401, -0.07455346467402162, -0.25492385683130536, -1.3510367240526842, 0.2975787661369401, -0.019798105405095127, -0.4751848971093797, -0.46478958933071407, 0.13604915247939234, -1.1420069365375018, -1.899520174191853, -0.9504121711946677, 0.7328733418071818, -0.6014449265429085, -0.2995709815000075, -0.05104232290074383, -0.1668609691070098, 0.5743278754894032, 0.564895773971139, 0.5756191186213766, 1.4271164467649347, 0.5870205927861403, -1.2626656481747223, 1.5795589093167717, 0.25990567724009167, -0.8074526286767617, 0.17114488496312372, 0.7301357538997717, 0.3737607126949965, 0.028811350307135254, 0.41137035387082665, 1.2716910024221018, -0.2327479632449707, 0.07308813505869477, 1.0143109482693278, 1.303380007461651, -0.4550681557588705, -0.6834260031656508, 1.9777821242195965, 0.7790536134713409, 0.38548046530902574, 0.5605274905567013, 0.15106164702068206, -0.15292433531489305, -1.4971200096367934, 0.6517856502391046, -0.15082389816359798, -2.071393682435486, 0.22096409530567676, -0.0796439856125305, -1.8964765416870901, 0.32272782685877827, 0.6865463112986081, 0.15106164702068206, 0.8524606893589458, 0.13114937170669042, -1.1526940805973418, 0.013522891736846438, 0.04774794236907093, -0.17909442184935456, -0.5315160376239046, -1.0521645876994377, 0.2875699662872862, -0.7364681659602552, -0.4540848730540211, 0.9467634032394473, 0.28728377858003745, -1.458201429245674, -0.03328121920847748, -0.02338050348294924, 0.13307687228679427, 1.8424501218936629, 1.5984878399672846, 1.8830040734078024, -1.1121979156749446, 0.5186093173087489, 0.8729507696252182, 0.3204163537648213, -0.5354226630750448, 1.3656310468237962, 2.1816790504051182, 2.010084152607512, 1.2868199994276917, 2.1494609937784794, 1.449941220091947, -0.08056134080421387]","['area3', 'v1', 'v37', 'v88', 'v97', 'v13', 'v65', 'v6', 'v56', 'v2', 'v3', 'v4', 'v5', 'v7', 'v8', 'v9', 'v10', 'v11', 'v12', 'v14']","[np.float64(0.09675948937105744), np.float64(0.06848856751577788), np.float64(0.04180441457864033), np.float64(0.034882041952668606), np.float64(0.026418854166625396), np.float64(0.025336214568813378), np.float64(0.021759294817943677), np.float64(0.020578958559110776), np.float64(0.016177369154119648), np.float64(0.0), np.float64(0.0), np.float64(0.0), np.float64(0.0), np.float64(0.0), np.float64(0.0), np.float64(0.0), np.float64(0.0), np.float64(0.0), np.float64(0.0), np.float64(0.0)]",5.2125804676767995,5.297287913076664,5.195159026452986,1.4618281643302256,1.5283924326033103,1.3340373742124423,1.221489860528989,6.665802363675377,6.66716091842055,6.44796393982636,1.8373291992965395,1.8168787737418148,1.7225738789042748,1.4955033685661239,1.3263969131237046,1.2988641791910658,1.3273587863959841,0.09876137592684127,0.059164804664181614,0.03677434049770383,0.02196869590697753,4.906834877425841,4.906834877425842,4.6674188663511895,1.3596450687286554,1.3038571190997856,1.1872054883562635,1.2123247936176504,1.5999731323801694,1.5757461246606557,1.5297965980698287,0.5576443948738531,0.5475438674416343,0.6882807852236956,0.7599213682684755,1.2515586118537407,1.3507223746769734,1.1309987399723198,0.25220337674429766,0.25803268715534455,0.20421668683391717,0.1900385918484156,False
f1014_b,f520_a,"['135', '136', '137', '138', '139', '140', '141']","['458', '460', '462', '464', '466', '468', '470', '472']",f1014,f520,False,0,lasso_no_out_standard_k20_lda_nc2_sex_on,lasso,lda,,standard,20,2,41,7,8,True,0.9897598624229431,0.010240212082862854,0.9979768395423889,0.0020231876987963915,0.5238365530967712,0.47616347670555115,1.4371172782293058,2.2456153695491827,-2.8396711467593914,0.9604576639442477,0.032962365173098924,-0.06094523150624545,"[2.3177410516717853, 2.410010651969414, 1.0825428239063992, 1.3079255589060734, 0.6785120458977895, 0.3828249497516462, 1.8802638655020336]","[2.397199466977715, 2.6418754424842965, 2.7827328408508674, 2.665263238456656, 2.1454192900904614, 2.082116378774252, 1.004700929210029]","[-3.641494379548821, -3.057506499309238, -1.7143947114782068, -2.7187283456959843, -2.711770776648584, -3.184387306072475, -3.7323565117144244, -1.9567306436073966]","[0.43966858468646514, 1.488405279178932, -0.17737448148948987, 0.9444383099622041, 0.9718365119322836, 1.189592598743125, 1.6316980031806003, 1.1953965053598616]","[-0.8595602185139364, -0.5817678565705018, -1.2493202276205648, 0.5373878036281067, -1.629254798328052, 1.0314895973819607, 1.614608884945653, 1.2371893967962984, 1.2768612061835785, 1.8469842052368755, 1.9680074758925998, 0.6449691698531433, 0.6129191554982314, 1.774313568732112, 1.5873095541884197, -0.8779869594287791, 0.6476234030853073, 1.0147752266940844, 2.4079957520243385, 1.6429902076890124, 0.5781705215499021, 1.2589423831917097, 1.6332734946223293, 0.4475267479573741, 2.934364323194293, -0.9392388928769644, -0.7845827443971919, -1.2133986607811056, -0.23362639201424595, -0.1723131748647371, -0.6974855419827716, -0.9652266742059836, -0.9603605440305242, 0.6280530127296268, -0.04964192958866029, 0.09304502683310081, -1.0449375560900824, -1.0217834790042948, -0.5009609868497519, -0.6124395520349686, -0.4015635693200004, -0.18798519470133382, -0.23067581969375764, 0.006734057588491022, 0.35157176955898395, -0.20738681236350018, 0.23492755298189175, -0.058116593849671404, -1.8990783107830018, -0.9469661343304733, 0.34964876967859065, 0.633757669355419, -0.45735303265767535, -0.6307273772908711, 0.6051368575849259, 0.3520320787634885, 0.5399849517346931, 1.0118503971719468, 1.0276244560191767, 2.0069958736788256, -0.22895823146862476, -0.7814879563153395, -0.12847756321476247, -0.12202700225233977, 1.5785501005418705, 1.0633467143836886, 1.559825823237803, 0.9726273021346286, 1.0531088750052766, 1.1465276330915373, 0.13811355883914525, -1.050216081939254, 1.5085690467256145, 0.6382919019909356, 1.7204266859491755, -0.4957833695715673, 1.3178005109726318, -1.0553501001219132, -0.5334447664831272, 0.45146121565824565, 0.37866483597856954, 0.17307818904110048, -0.0924001318232198, -0.29181615271095174, -1.0165755822272182, 0.6723605625697651, -0.5310243648536067, -0.7846454654929153, 0.6533569535053912, -1.302865259326652, -0.29491461483298037, 0.7528505383268529, 0.017661508199772566, -0.0879838559294186, -0.3820403161092331, -0.10694993796871478, -0.7438091007915303, 1.3635623326661732, -0.2295512718665772, 1.3011911891907713, 0.4269146367329929, -0.24807206594238151, -0.2683043542363593, 1.0793814601133938, 0.3285287951608838, 1.4796559861338971, 0.3967075378675784, -0.1326205498292106, -0.09763144239139716, 0.12881693476298012, 1.843312369399916, 0.8610610122446101, -0.5053087004756053, 0.1701714459352277, 0.9345080359151847, -0.29674696471727524, -0.450538313124471, -0.8081991789156983, 0.8226440146981716, 0.5921844013942821, -0.15552373102708794, 0.28112916390318937, -0.11262892449390512, -0.9676443100033416, -0.18927608115547453, 0.8180626104702997, -0.25492001514583384, -0.7513032001238985, 0.5183274215166461, 0.6171494553358597, -0.6526182012517519, -0.6131651809789455, -0.77884846028631, 2.1197784695389013, -0.9917497696174166, 0.25431354988103816, -0.037164854614562016, -0.5980415052471081, -0.10547343497570069, -0.10438053363587001, 0.535688903223826, 0.36504874647054614, 0.43408282446209073, 0.6526237879932606, 0.31331971741043013, 1.331650725080448, -0.15059717756232818, 0.9835320454797538, -1.7320610203580418, -0.3597276346549983, -0.8600603148790404, 0.2059144689303254, 0.36248220745485693, 0.3721544131773357, -0.798561341715208, -0.09122972125544837, -0.12307024347393368, -1.0221313044926208, 0.4340891314055939, -0.5856749981749877, -1.954048225865598, -0.0777009051466192, 1.1371505019133887, 0.06670948070153915, -2.2359478589678914, -0.7792940581266556, 0.12885789658757132, -0.6654838570801591, 0.5290679837465871, -0.0858134537651487, 0.586576100921497, 1.6560487499740766, -1.2916988432809093, 0.13101155009681936, -0.1308493449559934, -0.9126656419554614, -0.4707125396342947, 0.36348556385854447, 0.30763823645146904, -1.158394561296691, -0.14220322340870237, 1.6960616492057723, -0.5048165937029627, -0.9198031381783452, 0.10973867387622656, 0.5095340546159708, -1.157650387137825, 0.9716102853734109, 1.8046329000791763, 0.6733544399980711, 1.1495914313638231, -0.0769695630891567, -0.912681138778431, 0.24644461615904822, 1.1974414546010088, 1.1380598335050618, 1.5222010299209277, -0.7288323520802217, -0.8373611892390141, 1.3943471698710954, 0.36652585077014516, 0.6366926586409049, 0.5497956226644808, 0.3828095710064496, 1.0685685513065988, -0.23853781781943678, 1.493281325506082, 1.0991216960007444, -0.04971147685677484, 1.356197326161475, 0.7130622325502378, 0.8238679753395926, 0.8550398334410787, 1.121515243779645, -0.08801611529160565, 0.619666370477788, -0.13024344309358574, 0.1385886318871554, 0.9669998930354576, 2.162520159296054, 0.8854790180913612, 0.4564053165371995, 0.4151900363263368, 0.04745650203844972, 0.9758422780027095, 0.9917595433811067, -0.17255665931762765, 0.6720432694869763, -0.927586709782811, -1.87177130043628, 0.2677423364490942, -2.891243514212789, -1.1381050098862338, -0.15569371572875676, -1.5041686538420063, -1.606963248917578, -1.2797352547528575, -0.01742391308769663, -2.225049595171604, -2.421457547473592, -0.28891304214791574, -1.8618054073691608, -1.1901979291017872, -1.843415899370467, -0.4736119118687383, -1.3566472421735343, -0.27618636902593, -0.46295097572571153, -1.4431037432084843, -1.1431183563518892, -0.12172986385252559, -0.014146290017969203, -1.1174584874548363, -2.8257665832629697, -2.000608738993936, -0.04426124134060982, -0.08336341710003475, -1.3857455989193255, 0.6986857520290977, -1.8139218191838389, 0.22915413735354778, 1.149154528463622, -0.6757014208965159, -1.5611269586642875, -1.5938496182886968, -0.2212425278795483, -0.9582393246272821, -1.3358315567514412, -0.8408663676171915, -0.7434393708434276, -1.091602152395186, -0.9864629526611209, 0.8190838611740869, 0.6904497750848894, 1.1355029207111926, 0.8603400206347055, -0.6454854051947653, -1.88384459483229, 1.110933726679198, 0.202449107338031, 0.7685378506014029, 0.39497702456523, -0.03303385435321879, 0.6601289964974867, 1.8183017858431623, 1.4477967836494343, -0.24335481938122858, -0.5911410316694994, 1.438311810065537, 0.48535077706186586, 1.9708411394707999, -0.27536491713711203, -1.8410714224810785, 0.9654265878493878, -0.04597423491395287, 0.4094304600405778, -0.4339864619388725, -1.1639635277423428, -0.19786764195079276, -0.4152636051551121, -0.015637885141020387, -0.45267153058212983, 0.5606376854390822, -0.21029567639897254, 1.6825906273621167, -1.7099453535118743, 2.127565973170441, -0.3579871919451173, 0.634349137264326, -0.3818773230718159, -0.09523788058887797, -0.7763829310140293, -0.5646558138017993, -1.9979585225907432, -1.069665598348696, -2.1701515374661593, -0.862436304742357, -1.555901452566087, -0.7318847129561514, -1.146389148957967, -0.25777881611684816, -0.7525043925319874, -0.6351162795912328, -2.0710082528133165, -0.7643769459529764, -1.4043741366085807, -0.8611007040141286, -1.922110290854288, -0.8378879628184936, 1.4269905498272724, 0.5872273319356768, 0.824284157458464, -1.1368460273039398, 1.5563943534324476, -0.037359381928969704, 0.9903824031745007, 1.617119488156949, -0.7763765244389982, -0.06048409597795776, 0.08529682372992664, 0.496143419424582, 0.15042885984575952, -0.10186905250056709, 0.4637852186897778, 0.9040954425368011, 0.20050878088489119, -0.813996878392145, -0.5633770696120006, -1.9343305565551427, 0.08876926290653718, 0.5009723600992516, 0.496143419424582, -0.6365973060349776, -0.6981986998672769, 0.12933301024315097, 2.465049906019165, -0.8134761714537382, -0.7400979711584939, 0.6979306577906732, -0.3223806903868247, -0.7342276097514957, -0.465682640199537, 0.38534168798190027, 1.153462601747436, 0.42465196400716804, 0.030995886735545847, -0.48092426457246984, 0.6338161354156779, 0.7237927149192975, -0.14800421407456144, 0.7782803187531903, 0.4614581695665998, -0.48363656475667904, 0.8489242949049561, 0.2829988760432349, 0.08034934251951151, 1.4335866434355784, 1.4136215550824034, 0.2852748526444808, 2.6420318312020585, 0.4269620118994713, 2.0595890201934517, 0.7007409447033071, 1.2587979010468429]","[-0.16649188377223098, -0.41099785978520526, 0.5154478667977929, 0.5483135218705517, 0.08214225945743801, 0.9416091282654948, -0.31087970260708225, 0.2229193353660439, 1.7952756813068094, 1.8065519232331966, 0.7833899255799069, -0.05199986009045118, 0.5735784976982526, 0.611278824350577, 1.0881756084524634, -0.5287081344256205, 0.6544663352721615, 1.070687800410273, 1.7652335899518978, 0.8836617664284985, 0.7275924198045252, 0.5394199285852435, 1.1708739185726007, -0.9180419262487342, -0.08297291125984663, -0.2702159361196961, 1.108074689323846, 1.2112641173521927, -0.9862975170065423, -1.254411714482135, 1.3117938804205447, 0.018828902271925674, 0.7950129079600883, 0.24865129589938254, -0.3160096939413751, 0.6811906020478923, 0.10136650806928726, 0.7234916075549238, 0.4739053492028902, -0.5266230737707168, -0.9843637010220067, 0.619205641901126, 0.5598077506091592, 0.8902056550483962, 0.9012134523190516, 0.5447382824616511, 1.1890067502644064, -0.3396575562429847, -0.2208345748602214, 0.25154875615285954, 0.699627654257287, -0.19825169645707946, -0.7193630119620718, -2.1261232070725073, -1.0947983904545777, -1.6490177683917377, -0.33016897938190354, -0.09208197432768699, -1.397226332878721, -1.1414632979216368, -1.2733367709003105, -0.9428644246745815, 0.7740335378206723, -2.141961730835691, -0.03188366094162257, 0.6482134793824866, -0.3424112661593318, -1.026595749578285, 0.06452463867254572, -0.6860910351350378, -0.5617485600714499, -1.020415630945061, -2.113936939578337, 0.5835400957340237, -1.9505170748789755, 1.018384540359107, 1.6948059621540186, 1.3094638066008668, 0.030423288051402535, 0.19663878926630085, 0.4047965685592991, 0.2946325493956797, -0.49092927152010624, 1.1055467547047837, -0.6856513564998248, -0.5394588110498354, 0.0031185016120226336, -0.9060493983900355, 1.3998454934691988, 1.0078628387579793, 0.5155424074799168, 0.4896148774586442, 0.32578290594879594, 1.083536317181248, -0.26121343552050186, 0.1868553089839764, 1.0510547574990576, -1.1656503596052912, -1.6776518977280064, 0.14270550977089838, -0.8018879685788087, -1.2950926404948147, -3.0214926179661754, -1.5496584904877937, -0.010002512374866546, -0.1526061657334101, -1.423804487557882, 0.6748124289980505, -1.1862778243305272, -1.6348448531790964, -1.5051234680146839, -2.1394768156870683, 0.39994716504086175, -0.7901978218877457, -0.5442888637621444, -1.3035872496497463, -0.38274549094866994, -1.598458308682425, 0.6726565805378828, -2.6162098932880715, -1.3905805358787322, -1.298234648204261, -1.4801920708923262, -0.7920638120124563, 0.4864443095006914, -1.3164888412285471, 0.6153234753121861, -0.1933183845272403, -1.19671919837736, 1.022056501044924, -0.031164265060956077, -0.7566284784734286, -0.8136730604460694, -0.9782008454276412, -0.8558459265895871, -1.2325020931104498, -0.9631049381037523, 1.071556131225866, -2.453030618468217, 0.9248986717160768, 2.0092367275046854, 1.8645716988788228, 0.7375255942855861, 0.33740452583933733, 0.9105725434773034, 0.5983412151308342, -0.20766271488291357, -0.11004864385873572, -0.2717311228725954, -0.9565095608363772, -0.4291903987338887, -0.25500195431432615, -0.28003842555845493, 0.8793167198061471, 0.5082526458486462, -0.3734865334283681, -0.43679352488816114, -0.7726552188487905, -0.22430715827986736, 0.13016728098110525, -1.873287257315121, -0.18627832079693127, 0.5950101258041868, -0.15923075847295567, -0.945908631202327, -0.6661617838085695, -0.5598502374644083, 0.36544392404499254, 0.04597740168228946, -0.8694216507991838, 1.9755739234148053, -2.3951419472478084, 0.4094426468877552, 0.4055913057380212, 0.07557884210132924, 1.0197937283761682, 0.5010238725658389, 0.2969270399424982, 0.17181683310922766, 0.7278984978539812, -0.8359059880983061, 0.17280427622692168, 0.1229253456057843, -0.14903727556366841, 1.1699856616456044, -0.43800566456745077, -0.5159365173448762, 0.995443404227493, 0.4575900186448624, 0.7803747990219218, 0.04651589105210708, -0.10002183705768378, -0.2596441593168886, -0.5925364182473857, 0.13682436471273554, 0.6061445070222348, 0.12186396312494271, 0.6854793237228715, 0.7393006974861365, 0.7400030155513801, 0.34012929274652226, -0.8107515461312665, 0.3117459877003007, -0.47741812457287647, 0.6262589756059798, -0.8632937480856732, -0.11215470887940976, 0.9227179203850846, 0.2994977442969509, -2.5383543708370953, -0.7577536255184689, -0.6258429985492802, -0.09373615556027434, -0.7137435374383124, -0.5443419414096418, -1.220577918479789, -2.5479417901095562, -1.0554556435439537, -0.6577788654198493, 0.8072819351192576, -0.6776504770287956, 0.9176331001202854, -1.2063040155268503, -2.071464028727027, -0.580218098030617, -0.20839047138336117, -0.9785384083895698, -0.05996330020477773, -0.5260670883018679, -0.23212059265412166, 1.1185720988403796, 0.09498934762236952, 0.3532104698778986, -1.9475536812076124, 0.5827611256931036, 0.07355379754416956, 0.1760722870291709, -1.4047716058202484, 0.026395159171914765, 0.842450018105444, -0.5280865399473015, 0.7417528965090338, -0.11563023601088877, 0.3662200346405584, 2.0185581836759074, -0.8527264661724143, -1.2119771375816633, 0.6233397232624205, -1.8568228312495063, -0.5597171033187784, -0.03828434505080107, 0.9759592213376785, 1.1708113111239662, 0.384814864396729, 0.7908438173192942, -0.2826147469681456, -1.2303680889646968, -1.081930901418435, -1.3194780260991739, -0.5681638750216319, -1.995991216150327, -1.5462907967274533, -0.8280574055798945, -1.5426438691776074, -1.6116360757603005, -1.0050378293746145, -0.9286963050939949, 1.4150647672010586, 0.35556433792755643, 1.1579672472873754, 0.04910595289031233, -0.6000233006150139, -0.15435036550139133, 0.8969155062656813, -0.5998763401635776, -0.35004461610136317, 0.9236784121804822, -1.9441339849820758, -0.7949045514711105, -0.14263447693285627, 0.32703254772616236, 0.12630251210301788, -0.8795161888794418, 1.1687756842170864, 0.057093124983157204, 0.9356700662109869, 0.24078567982332186, -0.09572729094871463, 0.3525414135373091, 0.033644470332572236, 1.6071148527422248, 1.3408317177474485, -0.2691633227249237, -1.0728321452850114, -0.16665540134463727, -0.4462106528991351, 0.30810768336849825, -0.4678104301043214, -2.1462008632256855, -0.2580380971691346, 1.3646671161582309, -0.6426616468916698, 0.32927169656223415, 0.36544445843028633, -0.6257143631995923, -0.04232572388259683, -0.6009834322078954, -0.5249576507703623, -2.4442653494875546, -1.4186580602255197, 0.8455447676579187, 0.49175213930785444, 0.2135981700990106, 1.1133994394641988, 0.3108428865260592, 1.9034286364440034, 0.31602124554061045, 1.7974619640496563, 1.7108767162842473, 1.0830370745047844, -1.7219846797088951, 1.1633503518267974, 0.9770391663222231, 0.7112913817425885, 0.7119419919372764, 1.3140392462155224, 1.0693866331019366, 0.9121054243753519, 0.6522706424549798, 1.0102490231377252, -1.6430966701140757, -1.7016366843475923, -0.044392112356252546, -0.12895289833803764, -0.6535569972204199, -2.68198846437617, 0.16664077851433656, -1.3492368430596107, -0.3512145455005415, -0.11908298612896338, 0.5139591448148496, -0.0795159422528196, -0.825069204821505, 0.9619906501616249, 0.16868484194272595, -0.698318544887125, 0.16475216155022482, 0.10993514491012453, -1.5987526457671637, -0.18140816968641216, 0.7953836124737438, 0.5139591448148496, 0.7341237377304314, 0.7752139777285189, -1.5580237522791893, -0.8540775582887498, 0.6961452725291306, -0.26958224450476576, -0.3750134421230517, -1.0098162650744535, 1.1249143637314463, 0.44961261015350173, 0.16237842801765587, -0.07052298888284123, 0.21479221968492102, -1.0460451336176764, -0.9150922654514553, -0.06943545385605678, -0.41283312747218576, 2.225451680884378, 2.39778998619204, 2.4646489811581733, -0.796008651932786, 1.181128309452862, 1.4120907861067795, 1.6543639665144432, 0.31593392402169007, 1.4934941873927148, 2.7466224114364057, 1.190503578991368, 1.8275362582407229, 1.2816516360243662, 0.27137688425122536, -0.9303736904479707]","['v110', 'v91', 'v32', 'v1', 'v2', 'v3', 'v4', 'v5', 'v6', 'v7', 'v8', 'v9', 'v10', 'v11', 'v12', 'v13', 'v14', 'v15', 'v16', 'v17']","[np.float64(0.14566282922000023), np.float64(0.08055190355086331), np.float64(0.025765273988065204), np.float64(0.0), np.float64(0.0), np.float64(0.0), np.float64(0.0), np.float64(0.0), np.float64(0.0), np.float64(0.0), np.float64(0.0), np.float64(0.0), np.float64(0.0), np.float64(0.0), np.float64(0.0), np.float64(0.0), np.float64(0.0), np.float64(0.0), np.float64(0.0), np.float64(0.0)]",4.465708181284693,4.552921379677927,4.537963405734546,1.2932929322396352,1.334920087951686,1.1723799559246462,1.1672964997935666,5.561946130593633,5.615027868794432,5.689945092733643,1.6337696920455322,1.6207316016385387,1.5422857343357979,1.4106601943247439,1.2407507759275513,1.229023663337913,1.2332968943632032,0.09649700277335188,0.057419414663214985,0.041837858670823125,0.021809586823223537,4.276788424988697,4.282599871167084,4.270700912629028,1.182525905075103,1.2351982277653861,1.0162758408655315,1.0171069505421402,1.4008510386940842,1.4313158955903,1.3779979289847875,0.5345661496616168,0.5724382783104744,0.5801766554925835,0.4451719555634459,1.2068553712064525,1.3369617137910852,1.2651152225352558,0.2312155422009663,0.23426793794862202,0.22207074846269087,0.18269506763145427,False
f1014_b,m681,"['135', '136', '137', '138', '139', '140', '141']","['490', '491', '492', '493', '494', '495', '496', '497']",f1014,m681,False,0,lasso_no_out_standard_k20_lda_nc2_sex_on,lasso,lda,,standard,20,2,43,7,8,True,0.9897598624229431,0.010240212082862854,0.013744175434112549,0.9862558245658875,0.5238365530967712,0.47616347670555115,-1.7289934428647222,-1.955315283005352,3.5155903478914774,-0.81149769303683,-0.04172335594551765,0.05254997011805218,"[-2.6438384703070588, -2.390905773238135, -1.139062394957906, -1.4327427089327442, -1.8218259379021635, -2.1857678391989293, -0.4888109755161177]","[-2.1966572995873173, -2.464300551672113, -1.9266406286735296, -1.8617828705828725, -1.561840246073636, -1.7814010136081642, -1.8945843708398302]","[3.676184799859637, 5.181610654823312, 2.376474595225618, 2.4608618596533174, 3.0773867388182445, 2.6906031760855287, 5.5996249990475455, 3.061975959618616]","[-2.392529256730472, -1.3122006298499624, 0.17710210490367329, 0.013754215611228943, -0.37696383907278264, -2.0617538574690064, -0.7756444154115792, 0.23625413372426096]","[-0.36119860177842417, -0.3766034863653991, -0.3994689788434209, -0.8126048722249637, -0.35586149080446255, -2.6826493535287708, -0.4363095050710783, -1.5669225301608765, -0.7534473056330987, -0.6066752397099295, -0.19901705316301815, 0.5732400511057424, -0.26461830571836714, -2.1936229284599826, -0.3826764910567782, -0.16683835555524346, 0.2217832611182437, -0.2777452690404996, -0.6900977057173404, -1.4295210313107485, -2.5432364657933215, 0.3473136796716709, -1.242667519027002, 0.792183371649081, 1.4917121898731553, 0.15407464914974434, -0.45505328708049786, 0.4998736260789336, 0.8249153885403125, 0.2411424948864068, 0.7534073088940632, -0.07183108339063309, -1.299000946466198, -0.5179660064946942, -1.0496480284418517, -0.29080432380477245, -0.6453741934937628, -0.6079944880328556, -0.8171771841732816, 0.14970156682504568, 0.7253789286001154, -1.3331250217303698, -1.4764278643049091, 0.25381282834311364, -0.12162362223153236, 0.7610693648697423, -1.032126229478999, -1.1500549908352196, -0.030409255667706307, -0.2736057435307357, -0.04531946650884094, 0.18609913259592042, 0.44942389366971375, 1.6893547613604316, -0.06873647779654353, 0.46119025236425, -0.7104720345534422, 1.4156395785119371, -0.06587671288515007, 0.18216744373901836, 0.395014440943688, 0.5638677621728722, 0.03716990487158615, -0.7650853751197947, 0.13491232233265357, 1.7192405023630357, 1.5733532342394634, 2.1339857473240564, -0.1301347726101106, 0.6091060919738238, -0.19877284125077188, 1.1190594745358098, 1.1928781562424653, -0.1552953109208319, 1.5304125752695776, -0.8739888738738676, -1.5732580160079646, -1.4244224921040518, -0.9960983801857048, -2.0960346541496646, -0.9658970337541171, -0.769655808061164, 0.13342680864733633, -1.620911236130701, -0.44095325255648493, 1.3144306558710719, -0.9150598015265132, 0.610932373158556, -0.7854694368911033, 0.022134025732066923, -2.070086335739588, -1.2252489640865163, -0.8765059320465904, -2.3385117509911266, -0.8737414488848835, 0.07793213717127172, -1.8391349842730358, -0.8299101198578427, -0.0733371198561327, -0.17763484567244142, -0.8985700143527882, 0.9408929906818309, 2.1378916532462227, 0.46995018295141566, 0.06362265738838592, 3.368297035082788, -0.07045040683255033, -1.7072595626398737, 1.3654590246017149, 0.6458550552722858, 1.1405731760234274, 0.4675836970932411, -1.2129645447460027, 1.0345286311861106, -1.1727176598874478, -0.07013043033634961, -0.7033805752453169, 0.26516166509981287, -1.5333351950980743, 1.3221700805431047, 0.6628029147681468, 0.04147099044576254, -0.30286185868109056, 0.28570238157867245, -1.1961277976522098, 2.507735279435357, 0.3233565519408645, -1.694060192869551, 0.5741106712154758, -0.5425546155038329, -0.8944174570857298, 1.5986162300119187, 0.649165234196823, 0.6488551272848643, -0.17489751588130759, 0.7850612103856783, -0.01625310441670645, -0.940056243761171, 0.35119880627876693, -1.112291530167958, -1.7441489150744491, -2.5604927867046245, -0.2855031101041977, -0.5676651431209593, -2.209051928054987, -0.9234119764301535, -0.8803265993247832, -0.8602784447400347, 0.32759754851208267, 0.5977108963952776, -0.5878466127606469, 0.02129616737195843, 0.21475375610444936, -0.19977140274091978, -0.5006421870065062, -0.7651780836891843, 0.8703152620151978, -0.7645122940578911, -1.6154769348026152, -0.20126080043082295, 1.7713861977434158, -0.7837926450813864, -1.3389426480753936, -0.26943558437230464, -0.19397149617649248, 0.03217429181000994, -0.3440875358380094, -0.26537300272712133, -0.4021763377293394, -0.6521492452771859, -1.4376370017091542, 1.6578628308065184, 0.040402486590839705, 0.5136072764254704, 0.408559259921393, 0.30125983295607456, -0.7022887686737097, -0.5849134652792926, 0.8912718554070579, 0.4575030536885462, 0.7230344575834828, -0.042566405713772786, 0.06184067690925707, 0.4568081987629638, -1.0835067386420953, -1.1148336636858893, 0.8592595710042452, -0.22469270888803908, -0.29853820149360405, -1.1638675198671788, 0.9158460512103216, 1.1950430526329445, -0.6867314791274722, 1.3302145967623986, -0.5415112449077595, -0.6296007128895147, -0.25671871010887864, 0.013963418526309276, -0.23132812923354776, -0.21607033439816303, 0.2850891056308423, 1.5094393505592756, 0.13086887323295252, -1.1570527779272421, -0.5709933712182585, 1.4526786791732107, -0.9187039917715425, -0.7872205951873331, -0.5899889172640116, 0.4414349663247739, 0.9107365320665188, -1.6862912782315638, 0.6430398246674973, -1.3169875724262514, 1.015444855589627, 0.597489113924104, 2.0250139363805144, 1.0075889142989245, -0.32781131654191237, -1.0889190902075898, -0.8168028524499625, 0.3388272844179173, 1.0716991810490302, 1.4734237896520956, 0.25724702134384636, 0.2566921136079552, 0.16770585283600867, -2.0037181520096095, 1.1054163905059282, 0.9632721759193432, -0.6219308439482757, 1.153566914174487, 1.0054149229463236, 0.6330911486337548, 0.11421470986175274, 0.967853179226138, 1.471773042581305, 2.2675798441505908, 0.7621964869298524, 0.46699435137559403, 1.484047615842321, 0.5878895028332347, 0.8092018793370677, 2.0078745699402623, 0.08293675877812802, 1.085372003931699, 2.200171077766396, -0.00031364125917210183, 0.6184673902858762, 0.4356668435814226, 0.5810529431442796, 0.09214473023498941, 0.5257434181829639, 0.028172829076348757, 0.04054073271012644, -2.1881938811389956, 1.0996664853830767, 3.160128064639827, 1.6597696511717792, 2.612193744670399, 1.0071547704508337, 2.075737866425447, 1.7816145595504316, 0.6430757070503549, -0.7801091853851874, 2.875500331061536, 0.6802957103905946, -1.1885968834364322, -0.3080859403919494, -0.45096884513602836, -0.8831632500260328, -0.07817445445522732, 0.457054648866947, -0.391630541092076, 0.047778148269394284, 0.6731177266080046, -1.4783136741384664, 0.8922658516594854, -0.2545247187897413, -1.2490878763675113, -0.33930138167629087, -0.5783299072959133, 1.1264491583941443, 0.21357971612261276, 0.026793310144076245, -2.285834648763007, 1.3902412313497774, -1.1102877701394749, -0.6901371106459718, -0.29728602947651095, -1.4509301585314576, -1.0366890623714669, 0.23674022798192704, 0.23583170333114717, 0.7507981039821625, 0.9833144439993244, 1.2070463823530497, 0.7503953502916225, -0.4659244836172196, 0.6745353101522152, -1.1835806626714782, 0.32463070061006466, 0.8243637633305262, -0.27859839463737973, 1.206183508665985, 0.687181076962652, 1.1902755166713717, -0.34767174287744085, 0.6858166480751271, 0.4148022007030351, 0.5944503273796807, 0.5678280327190456, -0.7956216322797691, -0.39326142261808095, -0.7813236522122846, -0.6010410898742322, -0.35900468204949354, -0.6025953619468573, -0.9232725983326311, -0.2882370200537113, -0.08420577246036325, -0.3170766505384056, -0.11511924113946585, -1.4677637453940435, 1.4990998816467007, -1.177017771159132, 0.3939564176445749, 0.03294375198958976, 0.8255735923728413, -1.0175404616473203, 0.40295968361689466, 0.40415060153125554, 0.341925836952626, -0.16261317402716108, 0.10580112475666678, 0.49913919469553947, -0.6981681548624966, 1.0920553757953388, 0.2007599089157647, 0.34067028018579104, -0.5678911952715817, -0.7034879637361164, 0.5853750356670222, 0.320178800763388, -0.23144600800590945, 0.5244639725395144, -1.2720261680351335, 0.4773375760550736, 1.517103224995233, 0.341900401444858, -0.16236877774697547, -0.5678911952715817, -0.6369887930563553, -0.879989115226464, -0.13061668772252683, 0.05734568620956726, 0.5819182469816796, -1.7966522717969582, -0.7302588834727546, -0.1487470539624267, -1.0297168033581547, -0.9905840562470901, 0.8933937174200908, 0.7999590316342965, -1.1709215386612801, -0.994895640590827, 0.5301463664586828, 0.06728044307432529, 0.37131381588895646, -0.39865290550795485, -1.856999765469617, -0.4262638622701993, 1.151981929290225, -0.6149106946051771, -1.0215767336783321, -0.6662158856977598, -0.3328057425333336, -1.5879415985277026, -1.061078665339399, -0.5602069945745503, -1.0190164689723027, -0.6776004815572172, 0.16318722722229195, -0.6125294899924872]","[0.9763149217921682, 2.3104134523382225, 0.7689120526435624, 1.2472166057761347, 1.6080688075533618, -0.9800424629772336, 0.27978947953384775, -0.4562283671118452, -0.24430152462720178, -0.8466335980982913, 0.6629546155300655, 0.040536156593151615, -1.184816057189686, -0.23560335272914845, -0.9059625412944304, 1.199924198195941, -0.04688415680180622, -0.4149386449031122, -2.612726676186953, 0.1750058689940358, -0.14037957998385034, -0.9483290149403879, -1.4297409693270036, 0.21994552468242087, -1.7166939833113946, -0.4082442451118781, -1.4565402604649667, -0.12349795890963036, 0.33728995660394845, 1.4231518433677068, -0.25643310445991085, 0.6400509027765593, 0.9035676956044735, -0.6370694323171823, 0.21429612520273675, -0.3923359289428983, 0.5541526787287164, 0.2866429545697176, -0.046706452989060065, -0.20475333516411903, -0.02095036474140027, -0.21039474175019168, 0.6306885061464158, -1.3923808447356325, -0.4867535343970441, -0.9781687645410012, -0.5212572836015797, 0.6576832196336467, 1.0147268370032394, -0.7547829015780538, -0.6572027177230474, -0.8390188458550292, -0.6716799189835796, 2.1970266354750576, 1.77281753995593, 0.3109185689437583, 0.922749930833416, 0.08775832809462873, 0.9011157609656937, -1.2291309978996485, 1.5813262790550822, 0.7175527554934932, 0.613281628139586, 1.6455841015565, -1.1389583099731497, -1.354106099355913, -1.5099924226601227, -0.4370061186912849, -1.0167493695526653, -0.2934806846799921, 0.9799552097683801, 0.3207683299228827, 0.8700704380183308, -1.15382611195039, -0.6771211238957061, 1.1138517748380237, -0.7500534528173999, 0.23486396044297142, 1.6749404088497444, -0.46590205505695176, -0.3586259444622626, 0.07757626532319477, 0.28926905783315554, 0.1952559303870303, 1.4391988671698122, -0.4489072703103209, 0.2827441131882083, 0.6315594837260823, -1.2573733531887, -0.6551755312866904, -0.2533413804011557, -0.2919323347618818, -0.3684155260167616, -0.15151578090177353, -0.26355979917860295, 0.4671702595852991, 0.050759692570247185, -0.48959472448645297, 0.11459315342800697, -1.0297872047686674, 0.18294553536000244, 0.8462996709292256, 0.9554290298967302, 0.7489992701626799, -0.1540222920299393, -2.0449351939579117, -0.39953561546994926, 0.46663337568837193, 0.7048708565565625, 1.6731059008235993, -1.1953008425796094, 0.5699559944558262, 0.07535765024345767, 0.3991885326328018, 0.005985848885958575, 1.2446204599823798, 1.4598578904893156, 1.933182326027051, -1.4536018895399387, 0.5446122115248742, 0.24163102533223527, 0.9292372430587728, 0.826930937491785, 2.099313506028035, -0.20192463536077548, -0.5038574198020935, -1.7254050848222342, 1.7492885667771823, 0.35849586877666606, -0.48136746039408135, 0.7972890642771665, 0.5807104613572139, 0.5530636793648671, 0.11683707265760408, 1.0804200198422187, 0.19191581323317136, 0.021128224380647, -1.0488203998329018, 3.2442852416233348, 0.4103157886172117, -0.6251268814505473, 0.16759302655901295, -0.12666124140670806, -0.038472560562324745, -0.10329179162168592, -0.5999594528729866, 0.7684449444361956, -1.096478301276898, 1.3309230913231798, 0.225040229722564, 1.723480167876686, 0.3707676672215951, -0.2395308756168234, -0.4719797381296113, 0.812566019243189, -0.42749652772625474, -5.022386562271429e-05, 1.2719699036064505, -0.8253444457584216, 0.6363152860972734, 0.21182311059988454, 0.556243936788459, -0.2412752448189632, 0.7534505009772783, 1.2340955690132127, 1.1969612274039716, 1.7001718978113656, 1.6108395458757507, 1.0607103979797268, 0.6376834157363945, -1.1151128899467537, -0.6247080137443162, -0.3998938887291867, 0.2602020754810582, 0.5184701285688742, -1.5698673847240892, -0.9476565751191725, -1.2789019408221325, -1.0273094952073856, -0.5355686991731023, 0.21396536192188004, -0.7936413958302668, 0.8212939734532788, 0.6067994224163151, 0.5359278795678193, 0.044530636219009004, -0.18160625230782534, -0.2171745237341668, -0.9103836334627108, -1.3495701796737647, -0.3353656982266435, -0.7101241179133329, 1.0792844349471629, -0.5647186604884625, -1.063220881313248, -0.2067930906449101, -1.4936208896286873, -0.7830598785377866, -1.2577690432927784, -0.6502203909788813, -1.1325834170769669, 0.975314923622307, -0.4361823311766416, 0.8891056941698072, -1.0837552339220884, -0.5453864261259157, 0.7908282181750722, -1.5074844452949416, -0.5258972875588468, 1.4772382877871761, -1.0725156462945677, 0.3327673559584428, -1.49944865413712, 0.018423251559656805, 0.18527816370735206, 0.3985376374420241, -0.06406505840559626, 0.1387335489743203, 0.7068514719061217, 0.7995436861607558, 0.2692875332345378, 0.24428396765445964, -0.4670472474669702, 0.6696762180182285, -0.2330101168343658, -1.3865799780037944, 0.6709019254274883, 0.08820304935866384, 1.313808232149362, 0.6178830488293419, -0.48778841084056657, 1.100211044955798, -0.16688106171741332, 2.0347554554627854, -0.22208200311181692, 0.48044713663248795, 0.247107692275414, 0.35281711736705884, 0.1068444688716797, -0.057438408016075665, 0.029541280441285782, -0.12995859109176436, 0.5008086026167651, 0.5031668914070062, -1.5577484732841158, 0.6311222166908442, 0.2849365082076654, 0.21519552606462863, 2.1347312879317624, 1.5537409771693926, 0.7717557324582789, -0.7911046864622107, 1.1136279238340105, 0.5230728944857767, 1.1460167499904634, 2.2536034589143847, -0.0962956659790693, -0.0626784505879669, -0.7354819248599517, -0.258990448690026, 1.36594243716161, 1.032859670998608, -0.7325534990887104, 1.346927063941295, 2.8468915519115723, -1.463688925586705, 0.6777324267741911, -1.4813592028965121, 0.2355546089410303, -0.9747442232824074, 1.4806434020589316, 2.0533447354506724, -0.3567217481358235, 0.963133369141647, -0.4325146567082877, 0.4893552113412252, 1.3256506022500012, 1.5861127005361706, 0.5151476070699839, 0.9560591911964195, -1.354839870926855, -0.6456125191180982, -1.0762945476371881, -2.344562485558962, -1.4471508185133914, -0.9674084876516666, -1.1716821039895242, 0.4679308312749722, -0.807854706329144, -0.28304780476092556, -1.6954819956039793, -0.6844638895217459, 0.7202417023040261, -1.2833152426780143, 0.2199263449649163, 1.0276130703213049, 0.6413021756056068, -0.22966512572348746, 3.1014430936709534, 0.10799595741108, -1.2387152406343747, 0.5830859808764548, -0.13221754436360697, -0.6148959304359453, -1.3795677610110089, 0.8448778594241192, -1.4947963175006855, 0.1385024960822285, 1.1536996645937179, 2.3205518336626563, -0.14068099210363583, -0.8472338567315653, -0.3354486928739739, 0.22191655959114304, -0.5619021457367893, -0.02788129324049185, -0.5260679064402818, -0.9807928726443484, -1.1225503363399154, -0.7510969275732889, 3.3221594409142288, -1.088085305634618, -0.30618763250609027, 1.2638857628446438, -1.6972021579792897, -1.4773858676254845, -0.919181805314564, -0.9216953673795, -1.19092400536563, 1.0164974364473565, 1.5858902754856157, 1.1615822037107184, 1.3844431900134317, 0.7015267145558658, 1.9294978776743084, 0.1565843231122411, -1.9064910585537118, 0.7981696035357154, 0.3221840154083565, -1.1575392389096835, 0.1395587544604239, -0.4164545449812643, -0.08157663910745658, -0.897296431003244, -0.46064252553676727, 1.5031542600047492, 1.5760672981218036, -1.1381213324752906, 0.25029616355568174, 0.16380469129985642, -1.0361808693231376, 0.1395587544604239, 1.0476145004864392, 1.357236546255943, 0.9477973318821615, -0.1421681459233108, 0.2750325003142639, 1.7965388171216081, 0.16810707266964248, 0.8204526754821475, 1.1621298500718904, 0.8249379938890157, -1.2641387800054182, -0.5591179728626295, -0.4222193030098871, 1.2077246099860761, 1.527353545907557, -0.5049364155550028, -0.5883263012795295, 0.12735020114272297, -0.9425760283740084, -1.7046426003794612, 0.7187325679468242, -1.262000769721045, -0.3612484125163421, -1.774402022150512, -1.0485305590381373, -1.178334171172284, -1.4826012673016833, -1.709793126729601, -0.6443017858294694, -1.653566932080048, -0.3173083228133315, 0.9823305651005557]","['v14', 'v1', 'v2', 'v58', 'v105', 'v36', 'v3', 'v4', 'v5', 'v6', 'v7', 'v8', 'v9', 'v10', 'v11', 'v12', 'v13', 'v15', 'v16', 'v17']","[np.float64(0.17487549435016397), np.float64(0.03841213226171849), np.float64(0.032413680338774474), np.float64(0.021179539214129454), np.float64(0.015005516037595725), np.float64(0.012852707571297996), np.float64(0.0), np.float64(0.0), np.float64(0.0), np.float64(0.0), np.float64(0.0), np.float64(0.0), np.float64(0.0), np.float64(0.0), np.float64(0.0), np.float64(0.0), np.float64(0.0), np.float64(0.0), np.float64(0.0), np.float64(0.0)]",5.367865294265875,5.481487625137445,5.391731047257016,1.0343712509100296,1.0386035311236435,2.0504818792142103,2.315261220082938,6.388401380724721,6.5460724260313095,6.457432905126257,1.2690043445756056,1.1919450593063887,2.611080753960511,2.795149805647226,1.4769591911783602,1.4501722378257855,1.5426099921209389,0.053293654865908244,0.02657968274970801,0.07697143596037308,0.04175753581978925,5.2445837907562,5.2445837907562,5.05091100742817,0.9652114938905738,0.902460305598477,1.8864507692589902,2.111929305604882,1.4134061824463136,1.5581216999981822,1.5661683946605627,0.3880037243678866,0.3592359155859766,0.9355595040761436,1.0235537185353953,1.4029928224306945,1.709124502803888,1.364370323531157,0.17521556139843636,0.17202304266392282,0.294595765838302,0.3013423440834712,False
f202_a,f202_b,"['178', '179', '180', '181', '182', '183', '184']","['185', '186', '187', '188', '189', '190', '191']",f202,f202,True,0,lasso_no_out_standard_k20_lda_nc2_sex_on,lasso,lda,,standard,20,2,45,7,7,True,0.9947860836982727,0.005213885568082333,0.9937360882759094,0.0062639107927680016,0.5238365530967712,0.47616347670555115,-1.9651536301868673,1.2744779880427741,-2.4435489925034553,-1.03290720409816,0.0803669748927922,-0.004403634082323536,"[-1.4721960157813687, -1.3818159769337661, -2.5721626879658994, -1.8985903029088784, -1.6609638720418667, -1.902034084402294, -2.8683124712739967]","[1.3101168401883088, 1.1265768477771994, 1.9781990053418776, 0.9972265117333149, 2.2657650142343564, 0.2325729007415328, 1.0108887962828277]","[-1.9501772740213517, -3.740365175789285, -0.8775717426679189, -3.2441276218233646, -2.773464173861868, -2.586685780191085, -1.932451179169314]","[-1.9920724083795722, -0.8197222535987991, -0.8490765002484331, -1.7460751364202813, -1.306419315350884, 0.14079251174908117, -0.6577773264382305]","[-0.2957478318617994, 0.6671249236050917, 0.3840090365174056, -0.0515954237062038, -0.1913446030962036, -2.2752773448247345, -0.5239974054303562, -0.7166786550990627, -0.4654445827621423, -0.7888383389820773, 0.4531797181783291, -0.026868902894267317, -1.8113663330606178, -0.7018718322660348, -0.3471514933943095, 0.06824124089490397, -0.7937535386155202, -2.195223584525719, -0.10758734604941007, 1.0563360968652733, -0.5367717286672933, 0.40125863740492285, -1.1777717330090929, 0.6062920261909454, -1.7164588979507491, -0.02996455369686281, 0.336515551367838, 0.1637855576392113, 0.48310888695374576, 0.1382600751968185, 0.2768126795897597, -0.6539662050234626, -0.9234184571983732, 0.373117674210423, -0.08448691557590596, -1.1785155705389354, 0.00899570585885953, -0.45674659514911264, -1.4860026176304078, 0.759657743905463, 0.19450555659513707, -1.8269361061639233, -0.34751010952858175, -1.5115156729173855, 1.3488726038405388, -0.6078725351895045, -0.9264646510153395, -0.9314796977782106, -0.48473239118754513, -0.2429464910637327, -0.4475416033193595, -0.09394206735105537, -0.0016468742946543233, 0.4508471986877942, -0.8950592259288884, 0.01844261443613582, 0.28362007181353993, 0.916546748528962, 2.3667197474252384, -1.2328938894241053, 0.10834088272507435, 1.7201741518425762, 0.9267683289879945, 1.089806732398301, 1.2751375714629583, 3.2467026247372237, 1.8880484094799777, -0.42252461988440776, -0.13104604191000596, 0.48674724866631347, -0.8316653956241178, -0.08581122749670521, -1.4218629889594316, 1.2362274519914143, -0.32305778658357764, -0.8316239509944121, -0.03170601610101131, -0.3427941457203633, 1.3922912247817427, 0.120167851983915, -1.2997892958523427, -1.1415941556217704, -1.0722933443194578, -0.47414606341390014, -0.17519742853509948, 0.3061135138611882, 0.02520672010801906, -0.11714847413454338, -1.3760891072474057, -0.08178965221363044, -0.6938325335932729, 0.7475397724707984, 0.6210286503746899, -0.26712653928012536, -1.1707368834843688, 0.01836322250974901, 1.5234655579988825, 2.109474078379196, 1.0256914014620793, 1.5502218249251989, 1.35727250925828, 1.6634073708184745, 0.24322325556898738, -0.5457383170274422, 0.5615683764778939, 2.2946473678814536, -1.6070857074806264, -0.6540033000581318, 0.9145028710508155, 1.0720408274525222, 1.4572162783258684, 1.3010750229258443, 1.1426821199019568, -1.054240365233405, 0.684680262791727, 0.011067386506722737, -0.39408357776379144, 1.1019602367960197, -0.48804769353316163, 0.9620503217516694, 1.1781389179048918, 0.7200677746360873, 0.5363998324803846, 0.7003214067524084, -0.5502460591128037, -0.09374692426544116, -0.5064718486965446, -0.293989260223326, -0.01146586236465822, 0.2785321007469011, 1.1526040624154537, 0.33184239566131, -0.3475352912681222, -1.2058082437084932, 0.014655398084677597, -0.013699451746595565, 0.0829543427132447, -0.8841439693868324, -0.3096844054749364, 1.7666963992818396, -0.572548355461294, -1.130912576734568, 0.29805631868160865, -0.5095958411255154, -0.7455451836743655, -2.128954393543831, -0.7018110876528586, -1.1594022869065066, -0.3534384819977167, -0.4560545362127441, 0.28676795136905536, -0.4885615469956259, 0.44268457252556315, 0.3495917064370571, -0.7375765422127222, -1.1455996137259874, -2.1127275443680866, 0.4108607876538826, 1.2091801070091905, -0.3075652732015908, 1.0142996867740386, 0.6158493580882974, 0.5551431981498753, 0.6878279454063128, -0.8977128637648849, -0.4007503583783274, 0.11569938358715405, -1.28729601142166, 0.5342603022179377, -0.1800130806543055, -0.6568598208174157, -0.45866251938496616, -0.7032535787675456, -0.36618717809204215, 0.5183278576199495, 0.07736233924274163, -0.3653781462502026, -0.8329004648530902, -0.36979381673050726, -1.2283420253826016, -2.260451203582044, -0.5514601820271425, 0.05182086830285501, -0.32067046569907487, -1.9035244508756988, 0.036018294382754855, -1.9006785031605968, -0.7606761902299969, 1.2266813762362474, 0.1045290028510094, 0.08223658187712717, 0.2097849233097822, 0.1029437156682027, -0.8316216360304102, -0.8542666498040644, 0.11681321749768477, 1.1462328388861718, 0.7722359649595225, -0.21203330805017231, 0.5416105525782472, -0.4136659924892778, 0.7125618774955078, 1.0846376028477271, 0.9265493519558261, 0.06848963460569038, -0.30566048803290374, -0.3087068838587145, 0.003243816705837857, 0.18231893112834785, 0.5162060824510358, 0.8081565437906102, 1.084043702719917, 1.029446285180867, 0.465303707664761, 1.4960029256714547, 0.9095356079381143, -1.2635810958616116, 0.1196422661075343, 0.14123675996397517, 0.44581512036264936, 1.966822777876497, 0.8545421282017908, 1.175883087255135, 0.3767466821540156, 0.5162288075985015, -0.016174412392477036, -0.37785512927669057, 1.0319887072425895, 0.7047839490801976, -0.492481311366089, 0.9725590441316246, -0.7083599759205196, -1.9383150982595168, 0.3061239619781442, -1.09579138865482, -1.0699802095727067, -0.31195101680686227, -0.3797882313049596, -0.4684772220871033, 0.889251284887112, 0.2089342261322142, 1.6932414856289826, 0.28150458989366023, -0.10842064540367041, 0.22702419510082628, 0.8879039790876346, 0.9513219949507565, 0.6930641076736698, 0.06591862859778767, 0.858269454065394, 0.260270141495268, 1.0656248320132347, 0.21193546906513558, 0.31015583354834875, 0.005250619706251106, 0.4317438834925758, 0.34822018467162846, 1.7289375845953598, 1.222691401185475, 0.05297405760783181, 0.02528093131996412, 2.5170046024416806, -0.5927887177205446, 0.39702623734736936, 0.04786540007668109, 0.5839395948324286, 1.947327022078371, 1.3172400987927766, 1.664974329064249, 1.511380171609857, 1.0797107830129182, 0.8839417507813282, 1.3728013834284551, -0.8779860915545754, 1.2956245883566346, -0.6647208253149062, 1.4145623814141552, 1.0518117262542288, -0.46204707164959496, -0.8542586652638832, -1.75269680210233, -0.7132339045924585, -1.6866342407229649, -0.5900063558193497, -0.7732627927566348, -1.3950174628969816, 0.3761746503605521, 0.05779206738384472, -2.1418593716779424, -1.821565805699119, -1.1108403522040011, -0.5918738581112033, 1.1578990328534662, 0.4219615531898288, -0.06893688611174736, 1.6308320909701388, 1.9517698253528954, -0.32834487813965174, 0.16589200292082418, -0.3403230747245872, 0.04251046275411943, 0.7109435329770262, 0.16712225185680607, 0.23159614722250202, 0.3501380865473544, -0.18432324149805723, 0.681226683505207, 0.11327007237379366, 0.8873062949795989, 1.3289751291790934, 2.1200452565243677, 1.5329185012535806, 1.5022840538964355, 0.3010978587486337, 0.7574995093600281, 0.2894202074668674, 1.3002962399105826, 0.8167236013319719, -0.004714563410012177, 1.7259835019322691, 0.3550623155971633, -0.04539439975910703, 0.24086716467171956, 0.6248888716713847, -0.6766396123396993, 0.8631952043866368, 0.4068067599542652, -1.330910542622145, -0.4254329316799899, -0.653133716998223, 2.0660439704037286, 1.5241237220135992, 0.82689369882117, 3.465443425832639, -0.148728783874176, 0.5188045793753557, 2.202793425790493, 2.0632504929625965, 0.6485124823472919, 0.38437978462114336, 1.9325857385879366, -0.15233588865180903, 0.385046982258605, 1.420433340358537, 0.48858535520523255, 0.9413837630300762, -1.3715412232631663, -0.12374693823494282, 1.5171923103475113, 2.4412876384250515, 1.9306848304759894, 1.9325857385879366, -0.06199284436320147, -0.7650317065167487, 0.2029927745162786, -0.4682263785390351, -0.7209436787486286, 0.7473439165739251, 0.6307524641068049, -0.7733985183979084, -0.45810499321032133, -0.45384694005215787, -0.34940815893751437, -3.0793595001195886, -0.2766380175346841, 0.10729498083767017, -0.7007466431639109, -2.3030884797000244, -2.1714318036425078, -0.6246652082511526, -0.8367465073369413, -0.2876709994423979, 0.0005375286344691001, -1.2837096897392555, -0.674257390013865, -0.8826453306355463, -1.5038963202508773, -0.5525858069838113, -1.179936891159345, -0.14779441381977013, 0.5434458036153764, -1.131187606580055, -2.365213453577888, 0.639308190954126]","[-1.0995066661747084, -0.0117290354008198, -1.5218166656193284, -0.3853914858765329, -0.2871482979414698, 0.1423403900344822, 0.27190192746000713, 1.8227912095405847, -1.1008455955293808, -0.5118178798293974, -0.1456735242645714, -2.6448504886805155, 0.1299367472099875, -0.6689540557999263, 0.532263929535087, -0.466017686486661, -0.9992775414167901, -1.9533270517358066, 0.5724247315395891, 0.17237765778377875, -1.9807548304683305, 1.2787393363376889, 1.1551227232861445, 0.9944497135842093, -1.9402039641200297, 0.006528339299581799, -0.5674519786421112, -0.6018492534845219, -0.39397218808297274, 0.1926934023804537, -0.668021411709163, -0.5672442452210683, 1.2494897525356572, -0.06837627675391705, -0.4357128146460406, -1.4248170654743588, -0.0160799396684602, -0.8757076812851453, 0.8374221095208854, 1.3301008033572017, 0.04246137475279115, 0.09856435878318001, -1.3170114061652516, -1.909751566522764, -0.29476176316831254, 0.27011604448408205, 1.255404919515636, 0.533041821826024, 0.08829293890393103, 0.24204243964486916, -0.16412268671281763, -0.5818516690671, 0.34353234509634323, 1.0867566617066262, 0.1463310946578921, -0.37418967615044, -0.44239835980497894, -0.23763964531313647, -0.5786682190362807, 1.187645484660805, -0.4976718517417162, 0.7358134048052368, -1.6884988182682383, -1.7487602936187134, 0.1274297484148666, -0.8437547958991141, 1.4513088133073333, 1.2112605747750094, 1.0415564523503569, -0.9911509872649851, -0.4378206994735714, -1.6327281883027926, 0.6128375334404497, 0.5077978209253211, 0.48459519068835416, 0.024285632095378117, 0.06459186403387392, 0.17082517348429443, 0.17188792587845525, 0.6740713427099566, -0.6884691381740838, 1.1823279464888095, -0.10368424020192794, -0.5164484193552468, 0.11946944408531378, -0.028133195033935816, 1.7235070299144588, -1.0779566515032997, 0.4976813131172232, -0.6841007608253922, 1.8827373794862925, 1.1165179003521182, 0.929419053877191, 0.5545099789083556, 0.7604866767936389, -0.6931602268927061, 1.2902073176762057, 0.9337908893809116, 0.4837267557455252, 0.17023657246095994, 0.2722314083150679, -1.299902928755479, 1.0443134210089966, -0.292874009484745, -2.291077540120418, -2.149743372265242, 0.0430573693093246, 0.15621726318319815, -1.2903184234683558, -0.910729727617271, 0.9105554459472429, -2.4615364452184756, 0.3755341219164292, -0.40108314031282954, 2.7519726472394868, 0.645427163690175, 1.198005020025853, -0.22938394850072896, -0.12846231589625434, 0.3326598948586973, -0.5676056353626326, 0.2930776484700416, 0.8732830584963112, 0.26616388982198075, 0.6175469797308076, -0.7964938964837954, 0.5960694218923217, 0.7795694497795735, -0.23284172096824926, 0.062168984080308576, 1.7318129455173024, -0.06756653396143596, 1.694940718779755, -1.1619766183103595, 0.3320510536983367, -1.3310687152189526, 1.1396764006232758, -0.03305164835056178, 0.696881641960151, -0.1748966153657182, -0.0739663563982506, -0.30563811204194385, -1.054792417416797, 1.0026291329888561, -0.4742229363315459, -0.43606902057578617, 0.9676824227594109, 0.6166290367735818, 1.190417421522069, 0.14497388943096534, -0.2666752381337254, -0.5468837095192309, -0.5590690329476378, -0.7343527331227667, -1.3126957895967954, 1.0096903677707174, 0.05887087410423535, 0.7106300738155634, 2.5366540668953395, -0.28632250677407295, -0.15068914387699173, -0.425104328103542, -1.1580049650227764, -0.24697381514073075, -0.03352023056779423, -1.0796260852458084, -0.40675679174655227, -1.8116955005707158, -0.021421327293770897, -0.32144966115259405, 0.9129642089429147, 0.33103510917690543, -1.305066278871582, -1.4035229960989486, -1.4957464132087859, -0.4596987056524107, 0.8968177102098797, 0.9650110225988818, -0.5681149244919079, -1.072127307343834, -0.5144730397364041, 2.2564253675996166, -1.6645853288291745, -0.7677939682550662, 0.3140824501782418, 1.393887270195656, -0.31188448840072586, -0.787731516178244, -1.20124258552849, -0.5695505761606795, 0.20274840940286631, 0.3797493131610569, -1.0406737878039791, -1.2632381465775164, -0.6080312088398977, 0.4987891344424722, -0.7139206225366348, 0.2612163196813746, 1.334022544005878, 1.1563407863600845, 0.0022479791854244755, -1.7603608720893058, -0.11900573642904466, 1.045343088186167, 1.361232149770633, -0.4298466595488205, -2.1894246949803153, -0.42148258514635123, 0.8123300965307061, 0.8025266231247259, 2.5949449224437897, 0.5104703061053202, -0.08713737191348173, 1.5950452405372275, -0.5527211484076381, -0.7881260066564363, 0.5295727328986476, 0.902517103347141, 1.0175478713649917, -0.42638712361149317, -0.06642833442965577, -1.7128672858317098, 0.08534209222737117, -0.9267539667021262, 0.6031900284005585, 0.5389161150899953, -1.0030531414457964, 1.7179928627965757, -0.6818910775533275, -0.013411477276170305, 2.3528825298077543, -0.197357889862736, 0.5657457119274812, 0.16373716139665284, 2.085791879151889, -0.1627891538720254, 0.045267775344591685, -0.7440894868374595, -0.30729984295062474, 0.5441781839675885, 0.7055835416989715, 1.3513950518528903, -0.9654305928416099, -0.11336515153492473, 2.2951258656475377, 0.21955123527429246, -1.0075846390971335, 0.14665227821793436, 1.8288036001558434, 0.028721879409487214, 0.44267961604899264, 1.292274023866297, -0.5297616221718325, 0.18131453145283902, -0.7677603464261238, 1.600813214450598, 0.6524309628330719, -1.5244408605505633, -0.786517416085686, -2.5795968707509003, 0.3453618286063981, -1.392587739019284, 0.2568492896769374, -0.6479959631709196, 0.1523314224613155, -1.0878544620074795, -0.8575886228873199, 0.48621785867267403, -1.9335046337225248, -0.6281807597872807, -1.3002123245152577, 1.0632045073324057, -0.000504754088724015, -1.4495315581924721, 0.20297827074556746, 0.5447878222355134, 1.1793573845098528, -1.3858910739578263, -0.12981022923374888, 0.8568990287216103, -1.7529219862121335, 0.8044639065137417, -0.8253898009316837, 1.7091301707943614, -1.059062649219313, 2.6197869745244504, 0.9164287397195514, -0.04549632193607767, 1.5701891630426803, 0.13563690796038239, 0.29882159758064414, 0.13078129434431185, -1.079205541910707, 0.6670442288709658, -2.1058718079389482, -0.9193714974058931, -0.9889975868869761, 0.1320792472252476, -0.8335045953191679, 0.5407517105484436, 0.1801077374430124, -1.1299587526670085, 0.2659917577766934, 0.9883780721288999, 0.6189281704597674, -0.805489181332862, -0.8296284580231578, 1.1709360174883952, 1.3284471195924057, -2.204395323432075, 0.18283838493445273, -0.4139691616383178, 0.8988690899591973, -0.07729241129593108, 0.6435573869661991, 0.4285797878140559, 1.7180524702470013, -0.39196283152443684, 1.1061998887416578, -0.022149150494386156, 0.4352282867660494, 0.591502974773471, 0.4150749627642015, 0.31736586436747444, -1.740375021791582, 1.3493158624125856, -1.0472861577558152, -0.32363847270716106, -0.8013978222049805, -0.9275535008147109, -0.2994622606941054, -0.09782008523178704, 0.8816372562462536, 0.5578737543599281, 0.28381224811696804, 2.6767180519885714, 0.9331296585265176, -0.07718338009597576, -3.6708236377908943, -0.09505907849411005, -0.17270583841272225, -0.9072111034602746, -0.3911920396431753, -1.5454301244859587, 1.333951087647763, -0.153836752872371, 1.222287418343575, -0.2095231593732542, 0.9643108499528765, -0.46005906726837303, 0.26879715453457725, -0.17270583841272225, 0.5245153881852176, -0.28141418870308166, 1.1367656670689255, -0.19987005140288597, 0.06476564374837367, 0.05222652646435461, 0.4458015521647478, 0.348291941607121, 2.6219590991169044, 0.14655914594049468, -1.0936095178483987, -0.4631053413219686, 1.5122400256799409, -0.9949027373607774, 0.2044929658827666, -1.0039643944846708, -2.0620392079446312, -0.3107241030541718, 0.0392842756539844, 0.18765333179511062, -0.2436755778760828, 0.2230112244739762, -0.004777286839834053, 0.3702774895828633, -0.25213646048165267, 1.4125256478916672, 1.5453678592864621, 0.2438151937784252, -0.8931129366079789, -0.3730875089894062, -0.5099720136188626, 0.45825665448225056]","['v90', 'v59', 'v93', 'v53', 'v13', 'v74', 'v30', 'v1', 'v2', 'v3', 'v4', 'v5', 'v6', 'v7', 'v8', 'v9', 'v10', 'v11', 'v12', 'v14']","[np.float64(0.2709747033410229), np.float64(0.2469854252093375), np.float64(0.23575593057845642), np.float64(0.11058839722401607), np.float64(0.0903182210282351), np.float64(0.07668216614231134), np.float64(0.05163533312957684), np.float64(0.0), np.float64(0.0), np.float64(0.0), np.float64(0.0), np.float64(0.0), np.float64(0.0), np.float64(0.0), np.float64(0.0), np.float64(0.0), np.float64(0.0), np.float64(0.0), np.float64(0.0), np.float64(0.0)]",2.356456778215394,2.582314314931059,2.712490006652876,1.1599338441150266,1.1728909693314646,1.590346856056188,1.5011877838162424,2.7857805544575225,3.239055722344303,3.195029647800034,1.4534516582239294,1.5061649333680533,2.0092292882490344,1.9698589237805397,0.4390593514402067,0.4909892437236052,0.4460411691544047,0.07172422946507495,0.039671344276926646,0.08771122431499298,0.05353141549154927,2.3073851921409343,2.354409159781661,2.303645827084199,1.0584946566149949,0.9809724936085628,1.4294126548970827,1.3116764426540506,1.1085115970068893,1.17620201955257,1.1850609633790112,0.5056334174909157,0.4555228485080169,0.7282320479235384,0.7061174438134508,0.5990573695049446,0.6568269964307453,0.6278134925122324,0.22445769857872705,0.22220053909520115,0.30679757002238534,0.2886759763844806,False
f202_a,m239,"['178', '179', '180', '181', '182', '183', '184']","['433', '434', '435', '436', '437', '438', '439', '440', '441']",f202,m239,False,0,lasso_no_out_standard_k20_lda_nc2_sex_on,lasso,lda,,standard,20,2,46,7,9,True,0.9947860836982727,0.005213885568082333,0.0005660388269461691,0.9994339346885681,0.5238365530967712,0.47616347670555115,0.5135409906273676,2.363085865251908,-3.8738717647855037,0.20079273559964606,0.08143244517884866,-0.0477831658259378,"[-0.4418894344491493, 1.6440163395813632, 1.0423337371551873, 0.6266012314188569, -0.6855532918795831, 0.549298951226468, 0.8599794013384301]","[2.645752438487435, 0.956026185596872, 2.5416286628083875, 2.364041517583421, 2.722170116308923, 2.5325184244844565, 2.7794637114938583]","[-2.8754088367781327, -2.7388820577577078, -4.020382461120467, -4.087310420299429, -3.9467435668330846, -4.92203492555075, -5.9335171971023275, -3.699210692817142, -2.6413557248104933]","[-0.7345969779307481, 1.589623375133548, 0.8448968048422282, 0.19134636380589296, -1.5125182048734112, -0.4681903103503838, 0.45137944386099155, 0.6168476561256946, 0.8283464697830021]","[-0.5975057746401182, -0.9160113171731293, -0.06426591273488663, 1.013198734643005, 0.5545548880409578, 1.5986979648848385, -0.05598046065204664, 1.322269227561268, 0.685096298978211, 0.5864008903629014, 1.3065056082772104, 1.1326213402884981, 1.1426482222788112, 1.7848672243851134, 1.2475097407128561, 0.038953237651644004, 0.39611373012692874, 1.477669621657703, 1.04173483114066, -0.15322931336486834, 2.424520136755427, -0.29989311887395464, -0.6061854294624862, 0.554760148973044, 1.2485202673629452, 0.18998341667585275, 1.0033561610105064, -1.2580870771342683, -0.10088471108096007, 0.3374599026680671, -0.6450460552037306, 0.29071051629967104, 0.629082973693489, 0.2216317421727202, 0.3065815787128084, 0.4367431655238215, -0.19517009213394595, 0.09440586501693443, -0.7655935283434138, 1.0569424040042217, 0.24262799510154584, 0.9744886027219705, 1.3704174320185631, 1.3777816510524623, 0.20490315002291726, 0.8062016755687638, 0.3375330673017878, 2.078642348377845, -0.5356591739218348, 0.9731746059763495, -0.6472846259701471, 0.49385554730155645, 1.707168826705338, -1.3210698645969898, 0.6271561838963586, -1.3227305540660206, 0.9363103359443008, 0.4944655339404432, 0.6941466136905905, 2.3396335503334473, -1.5843632585357084, -0.11433908743684978, 0.4587336169729641, -1.0385118154874537, -0.3438625260189149, 0.18428600473083265, 0.2873651789555776, -0.5830756517129623, 1.3602206445162874, 0.7869533949069392, 0.8305755711680785, 0.6548774225782954, 1.3076060995751544, 1.0140391788752385, -0.6152810825158134, 0.41000624071827396, 0.6964570326576485, 0.6434286219051328, 0.6805190758923623, 0.2722428685191108, 1.2769616065205514, 0.4728381963148366, -0.4654023222542767, 1.396160182364813, 0.9452014284605641, 1.1063384015207092, 0.44838045813508165, 0.752141274859112, 2.3635523377614254, 1.4299780802409072, 1.120107457666315, 0.9697337081314439, 0.7724111299328758, 0.37235572819710316, 1.8488700563502982, 0.568675795978359, -0.2683583020096209, 0.49447975427154217, -1.4948129879175027, 1.6239401495455947, 0.0029135791083028735, -0.4000034634364743, 0.8378172066559911, 0.5323959563838124, 0.27650142372727926, -2.139589329083889, 0.3635225207076107, 0.5635294288604803, -0.23593759317840052, -0.7276312661580538, 0.38417068234512924, 0.14733845712301313, 0.18269902951543954, -0.8002094373904993, -0.09210105378910932, 0.2249366908247775, 0.4497222032348071, -1.8957485697850718, 0.8398796066947698, -0.5168901867446787, -0.4757455911228769, -1.2306362270484088, -0.2186985682302509, -0.9437615659622689, 0.8435238362804706, -0.5497887167568666, -0.3684685431166652, 0.7485688727676487, 1.7867647724276676, -0.6599277412473891, -0.15338841720073193, -0.48539224637182987, 1.1665485765232861, -0.6167751789071486, -1.206979926403845, -2.5093227330746597, 0.3037918084705454, -0.40432665549261326, 0.17621728286909102, -0.19009895281917633, 0.6936629939239848, 1.69390976977979, 0.6321552943974856, -1.0277705625216265, 0.7966241401433958, 1.4569871807550225, 0.12527851923753974, -0.026535326343316845, 1.6557602326669796, 1.1540081978766266, 0.3684438592885347, 1.0986531796386045, -0.024997447630711676, -0.42886337021194687, 0.6441973504945543, 0.1923859562336466, 0.5900845857060285, 0.6140149648811397, 0.18788666805036253, 0.03724233602855584, -1.8699033569106769, 1.267284542546401, 0.5908415336946995, 0.5431291146352597, 0.9774705975737698, 1.0005576843134887, 0.6543316571692523, 0.5027218773010613, 1.0818394271179044, 0.0354512191686896, 0.4154529412539479, -0.49260203815727216, 0.7898269438032285, 0.24255312899837145, 1.5429704659831427, 1.2068122946150324, 1.1717088939237719, 0.9465802343732711, -0.7490546867143193, 0.7938621369246219, 0.4218057694451834, 0.5361801479711145, 0.4924051592809915, -0.2877351714731356, 0.7215854212359156, 1.3743450550998568, -0.3717021761908921, -0.4446362339028874, 1.0210440370613336, -0.01929164986317623, 0.41813765251581486, 0.32011695344183877, -1.3684965009560217, -0.01822777351952032, -0.1970657057057583, 0.33262772752707737, 1.2986684124395245, -1.0178522894934998, 0.04676853904732666, -0.3964007599973865, -0.7440960316855417, -0.0828891325098657, 1.098501876034155, 0.24384533361936803, 0.5838145360842227, -0.4335535874713954, 0.7239035256125254, -0.29732007558834445, 0.6836363338843213, 0.5488088732607675, -2.010112995282748, 0.0239273096965492, -1.5062303411820286, -0.3036419939104742, -0.35173560471085885, -0.7209317971950467, -0.5745899186861634, -0.6111273322814503, 0.8131708078773933, -0.09202762333360022, 0.667719293548028, 0.0145569159268006, 1.5646363139181536, -0.908533367215998, -0.5689200394766092, -0.7341240995622552, -1.6138291266532783, -0.382384203104461, -0.12675716571413084, -0.7849987867962201, -1.4197426902275292, -0.0975024733265568, -0.6718569720449616, -0.291484703236045, 0.6778064501289236, -0.12990081416725932, -0.4624646532107548, 0.7037919079086027, -1.7932056312320308, -1.641509660306459, -2.023916104377008, -1.0833689122008006, -0.8838987358674082, -1.467292918238557, -0.8075172151351202, -1.0017632843571156, -0.8729233812295963, -0.864545091529225, -0.6694628759514935, -0.8076716783047196, 0.6966106901021849, -1.6799062998452967, -1.4229405904778503, -1.218038455316817, -0.9005277791443079, 0.6722700772574639, -1.1764940548702487, -3.614616209828371, -2.0307063912513312, -0.8621878899960257, -0.6313348462255747, -1.3820447675115197, -0.866075420095387, -1.010334470052232, -1.7742007203138415, -1.380295094293204, -1.2129380087976138, 0.4087695297707514, -0.8715130456706167, -0.16151343688981426, 0.11774127636871674, -0.23011475993410524, 0.25638362925397257, -0.07738581566166118, 1.5289662973939684, -0.9028945331784807, 1.1276147552648175, -0.14056319182697966, 0.7429634215608224, -0.3564289404323728, 0.33933259242338076, 0.9236466982102124, -0.39793852457336953, 0.015612523847686192, 1.1689886851129827, 1.1578383105913872, -0.3266643925332287, -0.5500625227273669, 0.7911243541955456, -1.083787906512951, 0.05560842237175613, 0.23721624771159566, -0.27558004351392706, -0.4927869685712646, -0.725358041783434, 0.8309597411325039, 0.2875737087640434, 0.20786906248049905, -0.760057141670723, -0.44220465746236215, 1.5714920333276081, 0.04752677210711367, 0.3920061899817931, -0.30632471433688496, -0.905021720534775, -0.07750173368961724, 0.6392038015198318, -0.40383525923419783, 0.34711618262222305, -0.3238590678560905, -0.6782318714457645, 0.7592805698791719, 0.9716579417745334, -0.06170249990143365, -0.0258188208145413, -0.6531121694907103, 0.32191882720836007, 0.213214380306626, -0.0798151777821681, -0.47134561645149026, 0.29688183285412084, -0.7828675220820394, -0.272136791647398, 0.4562492425961156, -0.21063990999165016, 0.02185457029096571, 0.3993983046264986, -0.5296258971885719, -0.472006746584031, 0.30543616740477797, -1.2176625130448266, -4.480367644539087, -4.103810997531069, -2.7948018387379876, 0.31124162698949837, -3.093609304276953, -2.362323533269502, -3.1478208657686326, -1.0569795759686076, -1.2334111447916123, 1.124818128252919, 0.7282445397335756, 0.8457559008841867, 0.21182194306269936, 0.574926276484832, 2.013924977139268, -0.8323123152674766, -0.18276905382171327, -1.5841770998011184, -0.3397569702941671, 0.20842647279023, 1.124818128252919, 0.15677768594193153, 0.366070706276771, -0.02236365331927717, 0.47612326780933506, 0.21077672018345375, 1.3991887705102144, 0.7952521739328646, 0.921508085741011, -0.594908609032893, 1.0581372120573782, 1.3584646455240073, 0.5032197885701005, 0.3789399592085461, 1.2670905022836922, -0.269796898351728, 1.5629401781034744, 0.30989317968683017, 0.2804804172900406, 0.9028826815821734, 0.9005168491398848, -0.08175162057685989, 1.8642841946973199, 1.094799423931728, 1.1154499756489173, 1.603463620068524, 1.320486652091324, 0.2357152009226999, 0.7685061425720713, 0.7707098626945557, 0.3091335395397562, -0.3050183335077433, -0.005902703503781942]","[0.3125290873045155, -1.0943159925568064, -0.9435105268587967, 0.39492785361405114, -0.0033868856795889837, 2.2726196433767716, 0.4389527803070012, 0.7409573387777764, -0.005783161043889239, 0.4550407239318749, -0.5648071161852293, -0.47450117700502303, 1.0017810741753532, -0.29886430575159467, 0.3484576484061434, 0.6578312026780406, 0.6259472387333481, 0.8690740999686621, -0.12639404503492446, -1.45214458337888, -0.5447773556669131, -0.38155153472563796, 1.722013124645165, -0.2608723319381275, 0.021674192543006215, -0.497116826682217, -1.5576502200195763, 0.2741540092233679, -0.3698648815824139, 0.024154540314309313, -0.09443644571026316, 0.340534542885621, 0.9365114147238232, -0.71407534922754, 0.13944185495439976, 0.25438646744135096, 0.6674781163097631, 0.25174236118148263, 1.3377839439025219, -1.134322638787398, -0.5489644115464584, 1.38535137841355, -0.09109721188665451, 0.9533643358940687, -1.5286155938736257, 0.4638959768642914, 0.8524743128836527, 0.2298406074179955, 0.65285652772458, -0.5324210507160626, 0.5948161619256633, -0.22311369911125525, -0.35541009763707837, 0.7665664687938852, 0.8465833345819289, -0.0946961548124842, -1.1566065161192145, -0.23199164574812628, -1.5371712089069411, 0.8188857485899105, 0.2889971640833362, -1.1270394389588088, -1.1589787746926883, -0.7667230083845546, -0.12499651250309617, -2.2769439455553573, -1.0247998891224006, 1.0403151452718988, -0.06652281369254898, -0.7061435658557622, -0.09278293718385018, -0.9074279912284686, 1.4214752508601012, -1.4911454033592384, 1.1178211307269066, 0.1560197984322029, 0.24343831704062416, 0.6563711860452406, -1.8537116244888987, 0.6068826265922324, 0.8655361798066817, 1.3313025490037962, 2.075156103094926, 0.9974955472276233, 0.5352630573005729, -0.7329609053022406, 1.7741877378022473, 0.008486409185187107, 1.0004523485226005, 0.062273807835025265, 1.512560112662011, 0.7149566119738986, 0.4770050933808735, 1.3045842949647768, 1.0661262767399282, 0.1305665116961346, -1.4888534074920383, -0.22251977406847678, -0.5233698074263552, -1.981801066987397, -1.5825099996890846, -1.3739506700497854, -0.5170863674353922, 0.5715345369215756, -0.14544030830405807, -2.8633076155074573, -0.11887654207765612, 0.8113820356330064, -1.1877171178756794, -0.3435859585898453, -0.004220139088527435, -2.174920249974016, -0.6771760335217005, 0.7300188855987318, 0.32417090022672956, 0.04536884184504292, 1.1443771883187597, 0.0003851696632001733, -0.38497078813936286, -0.9733968127147672, -2.4368872513801687, -0.7492352340851103, 0.06313361709964982, -0.26568333457581017, 0.7475862007525803, 0.13021301263200535, 0.4729749304388481, -0.28600620167593643, -0.3900646682681381, 0.916435437593862, -0.14809285279703333, -0.027149215502934372, -0.10769351967933494, 1.2764306069746214, 1.0806830023176486, -0.09554612252643414, 0.5132019700274053, 1.3561805107472822, 0.6418387915868731, -0.3309173423754595, 1.0008935636547895, 0.8955967328989959, 0.4724507851950688, 0.6276846491573291, 0.7943555936136567, 0.9277065096156742, 1.5595250204672497, 1.885359099139473, 0.9524271434287351, 0.1491138467916488, -0.4267465175859726, -0.06024714988793143, -0.4163705170871177, 0.4942852086788886, 0.37541701289322477, -0.4805465266845376, -0.36392038176695446, 0.04088464583704205, 0.46539262202697385, 0.04591352096238021, 0.2939184833153473, -1.2810072564004142, -0.4475640779921756, -1.5336039743874137, 0.6936805497914856, -0.039545237732304686, 0.056986707772141605, 1.424705014193906, -0.7392060413893079, 0.04723514944136587, 0.9898613494070776, 0.5971559584497971, 0.5567767384180211, 0.42713817183395486, -0.6072812577256158, -0.4029240391807909, 0.05060020415790151, 0.48815133874989375, 0.4689589616412991, 0.5764777818112514, 0.8997948294764433, 1.4774291244619346, -1.955950772474935, 0.45954539651574855, 2.6703352466008723, 0.42345239696322057, 1.121595429293819, 0.47283249544047307, -1.786471646947525, -0.16881117567847556, 0.5006874479677993, -0.4275640254402599, -0.14095284798770355, -0.8367752580775407, 0.7613281318341332, 0.6109486868855877, -2.035230216920097, 0.8241941815261132, 0.02106953119366473, -0.033660156065835174, 0.4926955778904014, -1.2281166183244792, -1.8815904472314864, 0.5683745906244366, 0.24283981463364823, -0.06617443756976099, -0.36196605807256493, -0.17418685174163911, 0.3076618151640701, -0.3675621352826431, 0.5650240927813587, -0.0995346862866165, -0.4888072675275213, 0.16733500601693915, -2.6261846926531964, -1.1129616983691353, 0.5552916535711983, -1.0163141136390674, 0.2765330267960564, -0.5185823373172361, -1.5768627447694314, -1.3513013876347293, -0.310747976262317, -1.2162548795534098, -0.9700955860362661, -0.07693543494802095, -0.2987138181278205, -0.7663555532085701, -1.2888007529528642, 0.34381016798853536, -0.744877147030209, 0.005566602819961929, 2.224899327937533, -0.2382718141014492, 0.8950770902854949, 1.1154857260218467, -0.284146648375282, -0.4325116808129681, 1.2027894108547823, -0.5714950633467971, 1.6381412917018021, -0.4743096186452125, 0.123791479931072, 0.8445655988584393, 0.8616051869117793, 0.4423245979702494, -0.9430607266011979, 0.9477146348081673, 0.27436667207539545, -0.2626437391659358, -1.6937059735993505, 0.21478331606655404, 0.7740295355244182, -0.7896129458210204, -0.5857713960289864, 0.6458541102839516, -0.07015604225732475, -0.08614900108515015, -0.5630524982970281, -1.3526599436970321, 0.33458052916836173, -1.7298083529205976, 0.6472308812732516, -0.6653864008793693, -0.10525441331240734, 0.4377989674581952, -1.8968846380455708, -1.2246347608705623, -3.0942960372820063, -1.9771862404073748, -1.308835755879667, -0.18603930846702585, -1.9680190812031826, -0.0705268720163416, -1.0297752558315314, 0.9619763424926121, -0.8395144949581955, -0.666902520594856, 0.08516559993290287, 1.047884802039768, 0.4305458630244759, 0.2442964921025222, 1.1515890247237794, 1.720265405074862, 0.7765022685522928, 1.3783590288348808, -0.25469341613462154, -0.6959543889425209, 2.177491175672985, 1.7234228877743718, 2.1302624597298605, 0.7266471373802977, -1.8079300920226173, 0.21026107159270657, -0.1568397612674508, -2.031620410783943, -1.1533727936757456, -0.30305129974084405, 0.5925080383259439, 0.32205613706233105, -0.9902945648165965, -1.4039176292515674, 0.08961545354336865, 0.2308781105025052, -1.442901818190343, -0.2928797921209448, -1.2421608293564061, 0.7078047731319307, -1.183741151210513, -1.8034757930977072, -1.211686047988371, -1.706719665927879, -2.996102982098988, -0.974510434151725, -0.7578958895049493, 1.0353720038453198, -0.5941441793713116, -0.6701056736305099, 0.6094203245100221, -1.372889546730887, -0.19953808150344962, 0.018587300603614788, -0.6217568855977643, -0.4135325735887823, -0.3277069025138233, -1.087577728822531, -1.2685197866259217, 1.4292134682660516, 0.8258892388401988, 0.012371536364044719, -1.635891010275703, 0.5661503520630046, -0.14654526630440215, -1.1843357588851546, 0.9883168977203276, 1.6137361326991708, -0.7821932531960326, -0.24035163968585152, -2.358128862438601, 0.44968116475018066, -1.8042980206999915, -0.7535502093208093, -0.38600702987096647, -1.897962825925316, -0.06442177324743975, -0.752684688615639, 2.288822638137861, 0.09375995761259044, -0.3498939322148633, -1.6685512368308986, -1.447611882239524, -1.8042980206999915, 0.74351251978686, 0.8544023722248397, 0.49304764398271395, 0.47810900542470514, 0.12412312217091954, -0.9993581053836686, -0.09538239815729006, 0.466599608778406, 1.7188789900260155, 0.40349097390961086, -0.9912157568313212, 2.2098346768790997, 0.6502241948447077, -1.7207497617023035, 0.7579719887580606, 0.04329805814443004, 1.200566578736086, -0.18657603994265312, 0.36626914068103256, 0.26665665682077944, -0.5147089555326395, 0.0670754815868659, 1.129840570955578, 0.051513739491039934, -0.8555729288991667, 0.5441932289546922, 2.0588733800367436, 0.30586820712791307, -0.632507855168533, 1.182573998469378, 2.2174784920007413, 0.6860080656264609]","['v12', 'area4', 'v60', 'v88', 'v52', 'v1', 'v54', 'v56', 'v2', 'v3', 'v4', 'v5', 'v6', 'v7', 'v8', 'v9', 'v10', 'v11', 'v13', 'v14']","[np.float64(0.10407523476340302), np.float64(0.07606809146828121), np.float64(0.054597530745898494), np.float64(0.05160854934631906), np.float64(0.050185877287295795), np.float64(0.03717067604024313), np.float64(0.016925559717340683), np.float64(0.007623921649343178), np.float64(0.0), np.float64(0.0), np.float64(0.0), np.float64(0.0), np.float64(0.0), np.float64(0.0), np.float64(0.0), np.float64(0.0), np.float64(0.0), np.float64(0.0), np.float64(0.0), np.float64(0.0)]",4.891308849878623,5.022057158817852,5.1173260112179735,1.2522192318849061,1.3087173759539932,1.870776141381469,1.6722319403300085,6.5497058850651335,6.56982008155836,6.666325436655022,1.5778704263665158,1.4355801087940026,2.3682612193792068,2.1949930348591735,1.161494077467419,1.1609905952529125,1.1372288897227203,0.1658485672783067,0.10642676363223313,0.07409916264655092,0.044501405771545044,4.387412755412871,4.448375550978523,4.4801454911016005,1.1314317274176808,1.3018688357875794,1.6637253044892464,1.5044490716013428,1.8433679851043214,1.611345571585023,1.614961761956172,0.7665577178112644,0.9510208032618186,0.8449290388224916,0.9959507005060664,1.1055831201196227,1.239507053925114,1.0861289560826155,0.2875689992312993,0.26424022035794514,0.2764743473028084,0.26007706911507866,False
f202_a,f520_a,"['178', '179', '180', '181', '182', '183', '184']","['458', '460', '462', '464', '466', '468', '470', '472']",f202,f520,False,0,lasso_no_out_standard_k20_lda_nc2_sex_on,lasso,lda,,standard,20,2,47,7,8,True,0.9947860836982727,0.005213885568082333,0.9979768395423889,0.0020231876987963915,0.5238365530967712,0.47616347670555115,1.0880133989206182,2.1288935854442457,-2.7984048424535395,0.6891665703781764,0.03846652329995821,-0.053165592867539295,"[1.1064867723118013, 2.036495125230211, 1.7949739118313588, 1.3459624344031507, 0.0040038775956486704, 0.09925446421139583, 1.2289172068607623]","[2.0580952991677495, 1.9190821532120548, 2.784337816379205, 1.9409339794796374, 1.7764941504560234, 2.3039034010794506, 2.1194082983355975]","[-2.723077708094261, -3.8340772303490005, -0.6555213430937785, -3.0719666731220516, -2.4322238610830804, -3.2886864454398563, -3.7420508571888633, -2.6396346212574264]","[1.2210564552601386, 0.7029299925746975, 1.6830378317940764, 0.7023121189052123, 0.3933444939203562, 1.029675178082377, -0.48975219043165424, 0.270728682920208]","[-1.746924383381533, -0.5981931592053757, -1.025132377576734, 1.2226583586891928, -1.0772941861141718, 0.24636157592422575, 1.597053957665929, 1.8586651503359588, 0.8086927769426182, 1.9149804426205073, 2.064570475272157, 0.004497421783005829, 1.389523304121489, 1.3326849290330645, 0.8206301648435589, -0.34362805130376733, 0.23487512521446052, 0.9095746848673552, 1.4436120550586258, 1.278607167541872, 0.1810306663022543, 0.653716549872714, 1.1740247458656683, 0.48915485312127144, 3.0346726501083996, -0.3966495854196747, -0.2294806123931852, -1.4427558282124264, 0.3627232935268722, -0.3857069498020682, -0.6772668702120228, -1.0347606162247287, -0.7942819618455519, -0.39249216805823167, -0.056010381819676484, -0.3949907367926409, -0.47268244904180784, -0.5368839112391457, -0.022127139066106936, -0.05929253304762003, -0.5132776110948152, 0.3698557449998413, -0.5060793631385262, -0.2576176945149789, -0.03989026463627381, -0.004617579030622457, -0.06204006568288965, 0.5421408182041663, -1.4272704771001539, -0.6082627403370375, -0.7278987821316166, -0.5878381449940822, 0.31708892994686394, 0.3032948886630837, 0.7170965040667501, -0.039573148373532034, 0.10861259251825646, 0.6399691160683464, 0.43047843138441594, 2.459497265717646, 0.5362663054706143, -0.6461251907705454, -1.5099865737095808, 0.08774803926812605, 0.9137919010126024, 0.16236603224961513, 1.251238244685163, 0.7907307025310788, 1.721038503466456, 0.8291269997234737, 0.3690169089717014, -1.0179285111257554, 1.3673983230611784, 0.6150575456925638, 1.6338875565960262, -1.5029751707077053, -0.5217964964505213, -1.7341336116753356, -2.298904906708699, 0.03535090729682705, 0.05617900159235652, 0.517064787391758, -0.29518527803606864, -0.4309240846572964, -1.6052605738827095, 0.8569239457219476, 0.13306775283441666, -0.597680791468661, 1.0340645956455523, -1.3206791676094967, 0.03676162629727159, 0.0639923881323379, 0.3259030373480502, 0.038815862684632975, 0.6107769082016298, 0.03140104080110821, -1.1624217813721234, 0.947171829785795, -1.3501095554738451, 0.9004446404712693, 0.4623800043882114, -0.5445418951744955, 0.7806243529972939, 1.173943608155185, 0.517957348005835, 0.3645485090156593, 1.9791849747126478, -0.24637400654492086, -0.33630692856523214, -0.6320576161485499, 1.9950543931192501, -0.18117025294793396, -0.4565052656086217, 0.3429706285083194, 1.3886197111311647, 0.803475392095403, 0.3862334318192796, -0.6153041176249839, 0.022398748526399108, 1.6158506873838598, -0.18082850357586325, 0.7066318392524508, 0.5015135096439702, 0.011628843500222027, -0.27460302980596574, 1.0704535096630654, -0.08230080268773088, -0.0747681203113459, 0.4542052295495876, 0.0440291734782045, -0.13318187404817505, 0.4767739997850335, 0.7528243848997361, 1.8978480226791443, 0.177256277018484, 0.2993506636524582, 0.36812325860614403, -1.0537346229868108, 0.9200141098554295, 0.09404401697478044, -0.10964363772956391, -0.3477608025610326, 0.09006240698741642, 0.5046903861666271, -0.06675781876979028, 1.556897579578683, -0.2009273131158725, 0.7471249833363686, -0.9196640231742799, 0.25665538963071904, -0.7019166770963792, -0.14623035918622046, 0.48965628045785453, -0.1341157950154643, -0.5077146377408638, 0.03187223467521491, 0.9644344617038947, -1.3646361978613801, 0.8934017161384376, -0.9327534278252441, -1.7774334082271255, -0.684286322320729, 0.283805205491567, -0.22416935124859189, -1.6922981272196085, -0.4724067557989663, 0.09886554038537647, -1.4902623557932524, 0.5755495947147293, -0.5289615581349751, 0.2590056806114878, 2.5030520685076185, -1.0076984029974472, 0.17896473738422702, -0.4761679553544897, -0.5670202705360987, -0.9135008151750279, 0.6288455228716202, 0.3442994304211616, -0.08443207868349151, 0.5251323831701136, 1.2125465639106212, -0.8446057197693582, -0.7454079448875616, -0.14319279158850304, 0.19431943150968384, -0.5108687410500281, 0.6144900343124267, 1.0388261295566141, 0.4933939809632481, 0.7501614406257759, 0.8248620435336735, -0.3869226389854512, 0.36951245120263543, 0.410889261619446, 0.7735006558017943, 1.622365454795139, -0.7475329848235207, -0.15773430027350688, 1.4283973162416832, 0.7109264130046077, 1.3322368861295237, 0.3921541728846181, 0.4151802474411901, 1.3403388906588776, -0.13857050745424412, 0.7564938275397535, 0.42382853686628025, -0.5442135531156505, 1.6739670369715454, 1.5565457552745103, 0.815006251671827, 0.28753577974272226, 0.6916510474553816, 0.7049909540182653, -0.5366385168065977, 1.347096578528874, 0.19711887801409253, 1.2185608159212813, 1.09861590476437, 1.691998794445625, -0.03796740121761158, 1.1157797076035483, 0.884164848028843, 0.6664215803567874, 1.6939010156961432, 0.006919969190468262, 0.7545688514603079, -1.1081743377331863, -1.6878513526869228, -0.06749411781908589, -2.8866416860161994, -0.6560854374051283, -0.16701767726213365, -0.4052471836004442, -1.277624781622354, -0.5604157489606825, 0.7511093367076026, -1.9228787020610993, -1.4482254998909856, -0.061103992038311974, -2.4298028559525906, -1.8704544916643129, -2.129090688647221, -1.3690667640842442, -1.7579805371892725, 0.7883343496693812, -1.3425395686035055, -0.27879672258906135, -1.4933605021544922, -0.43994207652035106, -0.10688095000134339, -1.0225801397460839, -2.7592958087525483, -2.312033774678555, 0.05262512065777813, -0.42553378043318313, -0.9579572012404147, 1.2957535009591108, -2.1383900109657428, 1.7803761438533616, 0.7513755428364337, -0.6055246201196495, -0.6475461013915984, -0.5210307687759798, 0.0877820947972581, -1.3429859580783992, -1.6715422728006069, -1.4686758539159306, -1.6591091872245352, -0.8256579315815936, -1.0571252968999465, 0.5603760083742201, -0.26999020433331783, 0.23932675422402575, 0.8833647487403291, -1.5668299129807575, -2.021045742572919, 1.6764520770564175, 1.8886298122969198, 0.801007052171609, 0.4015513387721335, 0.09820930336116575, 0.16600465686281396, 0.7870061962770313, 1.7343754121842254, 0.65091407127311, -0.8268399336605424, 2.0408440685854967, 0.5974124276230762, 0.46107840295555985, -0.2784826206506932, -2.557106384091218, 0.9121746996261078, -1.029056296444273, 0.4275973105994975, -0.36179488861219333, -0.19200718818101517, 0.08184945402819105, -0.31615300458835965, -0.19853447214216668, -0.6547466961392585, 0.08618101288001805, 0.287252463963317, 1.7253297915902333, -0.986172230495084, 1.9057557258021576, 0.5417625388204932, 1.4868499282543848, -0.38470813982696467, -0.4916965169813947, -1.0485773386382755, -1.1232810209965733, -1.666962767577291, -0.38780921955897724, -1.9697091332280314, 0.0450934786203249, -1.1452791419495192, -0.8515815115092741, -0.4239653464668303, 0.7090384560408561, 0.23411400622321682, -0.05312865843661008, -2.044378669667368, -0.24982215069179747, -1.1049781947676993, -1.3613559720936832, -1.3651134418890019, -0.7193859983598978, 0.3324413385739717, 0.404136607374025, 1.4597257320492072, -0.8603746964223815, 0.3549935464456585, 0.6806396000382928, 1.452749628132799, -0.050322612895009076, -0.9146257031693199, -1.22499036281429, -0.4520571310585043, -0.6155611798646131, 0.01408592218786169, -0.5597121735626565, -0.5440449039273796, 1.0562960257314715, 0.08807860197508367, -0.2165433271936605, -0.08605489745575876, -1.5621636774878986, -1.042450870059775, -0.7538334671017692, -0.6155611798646131, -0.8686224957072316, -1.1807425266872027, 0.545136640179978, 2.593877038701586, -1.4332986439634148, -0.6216410795594025, 0.7238688172201259, 0.8425719796566069, -0.03211237164701958, 0.2777940554414267, 0.40324461259961253, 1.23221736812699, 1.3770052097126, 0.32852961286522997, -0.31361417014434134, 0.3837072228060948, 0.9613675337398322, -0.0014505537431720563, 0.23504291539781416, 0.23172738649008914, 0.12368574331481885, 0.918896371209361, -0.060829619043253264, 0.49831628547678397, 2.14073470582078, 1.3781635589151056, 0.48996785256357234, 1.4627345216391778, -0.25252643356846943, 1.0836685165056754, 0.2116302246921025, 0.9281636678934351]","[0.47858844357925295, -1.2592420240554543, -0.989019604103699, 0.03694579639695611, 0.038293678763848545, 1.7909045076510117, 0.33468789900120977, 0.7511344000154278, 0.8075562434289657, 0.16681081623753022, 0.14645875806161016, -0.14925354293639467, 1.2613771791651152, -0.4540714422725441, 1.2126415538136777, -0.6318984858384236, 1.0590259628621597, 0.8104095134634226, -0.07029494355213983, -1.0817764982311004, -1.020614135565418, 0.2813369036855007, 1.68314694710132, -0.3413688330056956, -0.4535474519815369, -0.32085701087040586, -0.05980943713390118, 0.38888512103342976, -0.6830275916570239, 0.0320711039068333, 0.05574865114740642, 0.2522577013689508, 1.4689515770745252, -0.8388589305876933, -0.45057670941446226, 0.5002224891425741, -0.09898058249668344, 0.2214361204440141, 1.7349875675037203, -1.200074572581476, -0.2316570577541274, 0.3944427533070829, 0.11512833805466417, 0.7385292770732703, -1.7077145182482365, 0.5170367737840017, 1.1544073132507968, 0.2620777657897899, 0.46657615049738604, -0.11936347356392313, -0.27054358670013207, -0.42016935676979705, -0.4596569221523423, -0.3791077566647854, -0.03424833505718171, -0.8786658705579374, -0.9172977331608853, -0.5399750037110529, -2.475106403129671, 0.5055614834334413, 0.2069946763017882, -1.2639379068127596, -1.6837636003272831, -2.2573762954475574, -0.9729797107980653, -2.1813643520786288, -1.5469823232358386, -0.15722231569362383, 0.577482671202191, -1.353244035456971, -0.4070712150454459, -1.005625864893187, 0.40877984414424656, -0.8165484851176297, -0.4186559034173926, -0.12451142474550345, -0.338807423964531, 0.3285689273605351, -0.7503341266049859, 0.6028085192186232, 0.726595621646463, 0.7670069936165725, 1.6312221823672357, 0.4799647960439427, 0.044336317960224754, -0.7376624197523275, 0.6362938633603965, -0.22603412195408895, 0.908705096151373, 0.27590385217536584, 1.2994603408156384, -0.4114815583536117, 0.18968571329016895, 0.6043602773265622, 0.9868954660009059, -0.17932025936163573, -1.722035056595045, -1.1894907992419808, -1.454137848430132, -0.4005310216982096, -1.2364066113130532, -1.8388306635616263, -0.4105216578936131, -0.023225189922508136, -1.17435355557493, -3.0300403557068907, 0.861206619158604, -0.1166993277744147, -2.316365831992171, -1.4412010540438736, -1.0148119601611674, -2.641020995194344, -0.43937378588772624, 0.6074795998843542, 0.15679885630460927, 0.41240943435022653, 0.9056767398372453, -0.8199610725474408, -0.7021702675319411, -1.448976038625256, -1.8595800359053634, -1.1030643069861508, -0.6914690353493345, -0.9074359786617654, 0.2709461535529811, 0.12825633433576417, 0.3754633612066736, 0.08041834281015992, -0.005079446701420771, 0.030075986159473038, -0.3111768078164432, -0.4856656217514641, 0.5975264996508612, -0.32260424055058273, 0.012867153293911242, -1.279523447269989, -0.7033949680666916, -0.4669729273687943, -0.3433671374418774, -0.9229750327205755, 0.5356158598990677, 0.11643511611576159, -0.44827995147438526, 0.8944736348933767, -0.40244699618052454, 1.117663818070076, 1.6441594040832281, 0.8952331256702548, 1.3540146818103236, -0.6404334951783215, -0.02994380026842357, 0.2434875382466301, -0.6386474559447233, 0.7129189127248375, 0.07375420765657656, 0.38296741497245584, 1.1740867302134734, 0.4999007879967847, -0.21110773686538684, 1.0154742074882097, -0.37057683878997344, -0.536762897861717, 0.007571334798801734, -0.22435701196450117, 0.6004053271023727, 0.1187063575850491, 0.2748481130903052, 0.39903501436592415, -0.4288442192751345, -0.6622368715010227, 1.8867083629677415, -0.38347224087467885, 1.2185033616062668, -0.46694637354762186, -0.27870006751336557, 0.5117280472767275, 1.4665651062284057, 0.43007766814924236, 0.8009486490041746, 1.4925056285409466, 2.1614191483291454, 0.7531123487142812, -0.6275764554457637, 0.9362120834171106, 2.3051202462014175, 0.9644895281927693, 1.2062275469790245, -0.3671171545913396, -1.1268814494869401, -0.7024462612671624, -0.1423172229454552, 0.43428048022500415, -0.5081688210128772, 0.3874043330425939, -0.11204598661727778, 1.1934104006170285, -1.451158303233547, 0.5468305389423035, 1.013943246234443, -0.0640094335238356, 0.775579098597258, -1.0067738662385954, 0.20937385502486577, -0.11916210951190323, 0.3931228819370473, 0.1594647531511561, -0.8597522611579393, 0.21392823992067053, 0.10453988590063372, -0.8409297396152066, -0.3642668257168185, -0.7162813415998767, -0.8766188904649095, 0.265995519546863, -1.961650191939226, -1.0443304797319297, 0.9577369646490003, -0.3291560639366816, 0.3629051576947261, -0.6695808097344408, -2.371802078561075, -1.9258177857522019, -1.0824998716095495, -1.2893495216076152, -0.5476050520052284, -0.9088111013210087, -0.5128252178077402, -0.6624042881190503, 0.48701445410245425, 1.0157788325301353, 0.29080842631340753, 0.9967439081639994, 2.454169342846218, -0.8536410986000093, 2.052256164097383, 1.8019011918535643, 0.7995160883497322, -0.47409455489311586, 0.3902589607899561, 0.9047622434041229, 0.9035022489079829, -0.0967688672556877, 0.2510587156564918, 1.5454621905327957, 1.8561111216997854, 0.12220687866503803, -0.5650919634077047, 0.4460030842239815, 1.471197726910176, 0.18477751866480246, 0.5975388124083513, 1.0462151861143838, 1.50757357566762, 0.9210699140410806, 0.837777813159645, 0.17139560136614723, -0.781812410223415, -1.3972340756297854, -1.7908680629311853, -1.0473101484893141, 0.7711993421277886, -1.2470379860105225, 1.2727430447012376, -1.3428296011097862, -1.6794307408373494, 0.2824715960493893, -1.950992993263966, -0.8851276670133107, -2.5749460458134514, -2.0149279202849564, -1.3062782881632709, -0.3069106513641, -1.032986095210918, 0.48384253920202797, -1.4935461180905012, 0.006782742083580037, 0.17125545343786858, -1.7305898422557402, -1.0443023140617418, 0.43637599024442525, 0.6790370589615595, 0.5784417382514809, 1.4727135455695373, 1.431444093077199, 0.21465645786870596, 1.6771227006475282, -0.18468786100338383, -0.8767442827146961, 2.054063511299512, 0.7800921475819699, 1.5973204837161796, 0.414763731800746, -1.0578498481787688, -1.0352915773281686, -0.6291189640216223, -0.5667307572325664, -1.3868847379521116, 0.26042793969573375, -0.8051270763944034, -0.16045842909952443, -0.16607824781112868, -0.45909398564890963, -0.026839015285796193, 0.601624524013217, -0.8356871825059715, 0.2383355565499568, -1.4619486838072246, -0.41990959255046606, -0.36874466143863793, -2.1973885120569707, -0.7985348431822661, -0.17638713921064347, -0.5385638643147677, 0.16492821381378175, 0.015021805048601239, 1.1029421108627098, 0.6542072457601001, -0.2770447826883561, 1.2704326468439842, -0.20742424960741804, -1.074751864559137, 1.3617817693627943, 1.0918049497376479, -0.1309430078170644, 0.4053812188851194, -0.09586350333227835, -0.24104287603048477, 1.5469460172773755, 0.5334191453800368, -0.1457768682863278, -2.49544463027406, -1.018762579874549, -0.5939298787451716, -2.296918256498367, -0.9860305513418932, -0.6324897686677895, -3.4085836296888896, -2.067246053059256, -2.2360450482272576, -0.3308137740261086, -0.5374986604160797, -0.43903194989260985, -0.263323923992089, -0.7998275771866024, 0.5058149546378773, -1.2281317014490034, 1.2473944217548465, -0.03744263923690286, -0.5567270352709836, -1.1591241000150039, -0.6027316169652226, -0.5374986604160797, 1.2698506663532894, 1.1622698943288419, 0.32644448756134625, -0.36588750317381724, 1.0942005327034898, -0.5945712255642793, -0.3872217117266799, 0.3805413227184887, 3.04292423993153, 0.10773910030840013, -0.14133021862471196, 2.0671255323364957, 0.7383149199878651, -0.26453663181049136, 1.0300784206985454, 1.12256181599907, 0.35209886024260345, 1.0743077187415921, 1.112879165213389, 0.7894659365740101, -0.08719382390316799, 1.0696365249559656, 0.7917461604648575, 0.392051684907246, 0.7440103230043323, 1.1280890547829445, 1.9267188953273362, 1.0640589741717565, -0.5819838741801029, 0.8082783064969883, 1.4956768413844752, -0.1830307723910318]","['v96', 'v42', 'v9', 'v82', 'v94', 'v62', 'v1', 'v2', 'v3', 'v4', 'v5', 'v6', 'v7', 'v8', 'v10', 'v11', 'v12', 'v13', 'v14', 'v15']","[np.float64(0.21049037202320767), np.float64(0.08281122087211246), np.float64(0.07478264616877459), np.float64(0.0402174843511735), np.float64(0.024369906466984885), np.float64(0.0044052633808761114), np.float64(0.0), np.float64(0.0), np.float64(0.0), np.float64(0.0), np.float64(0.0), np.float64(0.0), np.float64(0.0), np.float64(0.0), np.float64(0.0), np.float64(0.0), np.float64(0.0), np.float64(0.0), np.float64(0.0), np.float64(0.0)]",4.144521760685647,4.181412464129188,4.3498134711664225,1.0674206780568598,1.00072110754668,1.4512301423108647,1.2480549635444882,5.326145256440228,5.326145256440227,5.534270864380769,1.3047653440566913,1.2924153143277757,1.8916374847259239,1.627884951843122,1.228949219529131,1.129109960740267,1.265635811123412,0.08801090003015952,0.05132552993929618,0.1425084970202201,0.03131493801395069,3.886418241374158,3.886418241374158,3.9687959853078,1.005005683609321,0.9300083529184098,1.2953478980845343,1.151531915795803,1.5108929318245514,1.52132392006155,1.4909864400099422,0.6480190958421481,0.891715745739299,0.7548050738773601,0.6728537229576328,1.1761515254349724,1.200951263762256,1.1951755802760533,0.21003337786454915,0.18268970279365476,0.2891087671767592,0.21368911438804267,False
f202_a,f520_b,"['178', '179', '180', '181', '182', '183', '184']","['459', '461', '463', '465', '467', '469', '471']",f202,f520,False,0,lasso_no_out_standard_k20_lda_nc2_sex_on,lasso,lda,,standard,20,2,48,7,7,True,0.9947860836982727,0.005213885568082333,0.9990485906600952,0.0009514490957371891,0.5238365530967712,0.47616347670555115,0.9471577295676471,2.0508277675648934,-3.2866992207276278,0.5571644615962061,0.04264789176593714,-0.0475415250107491,"[1.5699709124363115, 1.1130263617697864, 1.7379362337684954, 1.3175632953945133, -0.024034432454014636, 0.05385370226493635, 0.8617880337935013]","[2.2383728014546675, 1.589256746376877, 2.555498710408419, 1.7948710464611055, 1.8061945918152784, 1.989436173664692, 2.3821643027732113]","[-3.476323937889708, -3.6842341186350493, -3.4269249955233896, -1.786277903644085, -3.224157418418213, -2.534128335786308, -4.874847835196646]","[0.49273789251651745, 0.2836516401625114, 0.8577003901486523, 0.7524952391287806, 1.768334699989648, 0.6485218294445003, -0.9032904602171673]","[-1.0630200588574052, 0.5169942238111074, -0.4907580092846603, 0.7738348824150948, -0.8518356623451117, -0.25663435875199586, 1.4119820361776922, 1.2779379570206195, 0.9280952194186298, 1.857799503174241, 0.7859836591059233, 0.42698487209247127, 1.2275885911785847, 1.2752846711486139, 0.75293826843898, -0.8893798671151935, 0.11405289114044768, 1.0689058114029852, 2.1774571826478706, 0.9845796718755486, 0.5831299798229191, 0.3672820890390193, 2.0052554229404698, 0.6234155967873216, 2.334016602604855, -0.1502190225515451, -0.4717028532318574, -1.0339565164538984, 0.5478896470067824, -0.6855977949422527, -1.7531068232176052, -0.7059102521828549, -0.822223234305656, 0.4328282797594957, 0.10715987299052175, -0.3862466263647225, -0.17481742133548103, -0.252161804994677, 0.42179902876228426, 0.31227095797062016, 0.4970666919263177, 0.45198471477186725, -0.7529890093014586, -0.4093483548838571, 0.47537806331860005, -0.09776304845893338, 0.11129222059439486, -0.15118364704917706, -0.5763606224800145, -0.5146017783862468, -0.14981225513294005, -0.9566435297539245, 1.1160635261012677, -0.1317167509897276, 0.3597848034068139, 0.4092089222478075, -0.1878769420706188, -0.2533326322326365, 0.33775592116880027, 2.196697395866846, -0.3106075024259957, -1.2768150554620001, -2.5741072995122454, -0.19287600605779406, 1.4988117918279218, 0.17031985248573575, 2.060110372042108, 1.8160044789579124, 2.0008079431334407, 1.7075084714552589, 0.08300724127059243, -0.9820379837775485, 0.7578788243171943, 0.6103512904424583, 1.2798166869496765, -1.2274367483108244, -0.40054551243276093, -1.1583529023169234, -1.9728678768755037, 0.3028780212458885, 0.01399623568807997, 1.0149960170383023, -0.6399057700505584, -1.221193153873186, -1.3488357397498543, 0.039537250042530475, -0.13452268374025866, -1.0290804112649308, 0.8864786050380522, -1.2918999365278503, 0.20575834149111613, 0.2924519095952017, 0.8201876755206823, 0.23856304981936632, -0.20387081947319857, -0.13450329256571855, -0.28205479496279456, 1.3150160310378864, 1.2012390269666318, 0.30300366695234937, 1.2974061250370446, -1.2099957736914866, 1.2196718071855983, 1.1302607865182612, -0.7782451745556326, 0.6687804102548354, 2.0400554575349896, -0.28217950926671714, -0.8574555316453691, 0.8642584219751952, 2.019898415249793, 0.40070061810767676, -0.378331804466394, 0.22517670838971732, 0.899526159347867, 0.4365953822798198, 0.399612037833717, -0.36753861900013285, 0.1059327942988357, 1.1341516024176668, 0.29216757572195995, 0.6440397957146053, 0.31214540566761334, -0.8499644721558223, 0.22020596938218798, 0.6159216500045033, 0.3014948260587537, -0.19647481506220785, -0.15565645260116093, 0.6151461204489522, -0.9734804239676521, -0.7358954028294311, 0.4467742572944373, 1.2699705188194688, -0.3174429967511951, -0.42288440095392776, -0.5717877209920578, -1.0862208770769135, 1.7494706017825594, -0.03749800451581927, 0.021216090486561635, -0.13962543538440012, 0.5403054144995676, -0.14145660139172064, -0.1666268512274237, 0.6238984709604283, -0.15440718891567007, 1.1502447647188547, -1.3703096919531759, 0.9514849672988409, -2.068434814408559, -1.6255281905959744, 0.47495362080823866, -1.0485958570016345, -0.9506213690918432, 0.8759807770177789, 1.4828942027202572, -0.9349034122717396, 1.7341301795307666, -2.733090768695631, -1.3676453773123185, -2.103639624914706, -1.0374694793201324, 0.027788077458540023, -1.0140428065657328, -1.7797547222202799, -1.1096381210146757, -2.0999373708521656, -1.1195166248960597, 0.03757747152715366, -0.5763044651924282, 2.8612125348070667, -1.5950053463067888, -0.723973336170449, -1.4460606933591458, -0.25853884483663014, 0.1719436807405718, 0.7744540769449716, -0.3354151733831535, -0.2748067944432377, -0.3213523671822941, 1.0992810630639391, 0.03784403361507434, -0.7594326592232501, -0.5274912791576727, 0.7583822996948862, 0.4794247407005257, 1.1047637187736554, -0.34966908462555524, 0.170528502197083, 0.7535850931426487, 0.9592387138239225, -0.4172786025299133, 0.18642762692041526, 0.39994749906919164, 0.165174051835168, 1.2362519606258129, -0.272562387452131, 0.9395452346171187, 0.6046420027774749, 0.6647843686286787, 0.08188029892254355, -0.7230271635144616, 0.27668819275185913, 0.8983721718242872, -0.5592197451273889, 0.07087264472931845, 0.44829914633417506, -0.16201599345540302, 1.7508302019384645, 1.8555542272442211, 1.3883268824244572, -0.2313230017043476, 1.348165955118561, -0.6129939661707077, 0.602923121331416, 1.0447380381868012, 1.3218370088744809, 0.954484863771134, 0.12267770557189532, 0.5959820841582253, 0.1794119238197435, 0.24307378475407893, 1.6503403553449674, 0.4765439947248313, 0.8517002797495853, 0.011067601462874424, 1.0733170473445117, -0.6801308983164078, -1.4990966057381192, 2.067045406897713, -1.684964969755904, -1.0336731519272322, 0.025822043331584194, -0.6068581394669197, -0.843537224375081, -0.7981636583784258, 1.0681891235943588, -1.4988723006104283, -0.7884453805104453, -0.5183171875129965, -2.18454628650913, -1.6150767532956434, -1.4453985851832578, 0.0747611967335381, -0.5307529225290057, -0.04879861385934768, -1.7273356294360367, -0.49365998511420567, -1.097211842624074, -0.21231615255019584, 0.003212125529419947, -2.166132896976383, -2.3796016960266564, -2.2387827410544463, -0.7212623228896196, 0.26554653247512455, -1.191009165379492, 0.3081541992096131, 0.48838042026683437, 1.3952643077630906, -0.08380791169662467, 0.8792309346721834, -1.0754162869046695, 0.009102689226674676, 1.3828218511836814, -1.1726320824162457, -0.41287757570470895, -1.1124312739466335, -1.1903607075308134, -1.2692455113781316, -1.7738872425346215, 0.30187340078650443, -0.4822708225348272, -0.2311188770817335, -0.45331195834699484, -0.7709233207302589, -0.9787940737362678, 1.1660779579310037, 1.5616188942477578, 1.0342297002786105, 0.5519049390790857, 0.6685476408378248, 1.1601771935398915, 0.22630852799844478, 1.8779206926194705, 1.0571102317763705, 0.36456206398750096, 1.439565897072127, 0.5984379408618031, 0.604464997004009, 0.884164856726767, -1.5312344959927986, 1.268528583624252, -0.3807066886648795, -0.05954495873024502, -1.1608677163902033, -0.4268813064378634, -0.5237636484820757, 0.31647665255175667, 0.8750813730510997, -0.2491586818330984, 0.2426731378152415, 0.5984503788169251, 1.1451995639012207, -2.0508829849049452, 1.3629848227723884, 0.4030659256874301, 0.4403000363702439, -1.2761777951180238, 0.1011943424133075, -0.5284990040920432, -1.0241107128227185, -1.5354879566530286, -0.22347642767396697, -0.7549275262168492, 0.6718302599378441, -0.9014444562745738, -0.7172707980394996, -0.4596597175211502, 0.20553651044635657, -0.31475742208008367, -0.1336317882984081, -1.0722053184226714, 0.6998156806700102, 0.3382727287312463, -0.7296833368831819, -0.38197963982151817, -0.6646729538233654, -0.11200409543537698, -0.19303736938684657, 1.2729139143248518, -1.0105657317258037, 0.11452779946330871, 0.19366448410817302, 2.3609356307212037, 1.667166708218803, -0.2921277830667516, -0.8701530899681938, 0.9257557088207726, -1.231755204062164, -0.5342338157887679, -0.4228548138792927, -1.029041922818191, 1.470556705052761, -0.4681729739279478, -0.20661932153964588, -0.17477092478969902, -0.6701018401169445, -1.1411623637442871, -0.3576430187959345, -1.231755204062164, -1.9588197848775641, -1.3692363461712544, 0.9496346092738017, 1.3772086284407634, -0.7526773456866408, -1.1280701842739171, -0.4385315447591999, -0.1740506147626955, 0.5859479231312535, 0.86579093131194, -0.3874181212924261, 0.8618765698782852, 0.9785427923237948, -0.5773030741603543, -1.8025965523329195, 1.225151209950312, 1.0094051644481046, 0.0131995194083773, 0.6326299504137728, 0.2268887147965307, 0.3762742141469874, 0.08180796782669231, -0.2879113503838853, 1.1526284633964512, 2.6362275408660953, 1.0688828780586586, 0.8304519374770437, 1.1614065547887622, 0.40427032696151705, 1.5167562318704986, 1.3568109629100362, 1.0099344941452764]","[0.0629127929503776, -1.258783807901277, -1.533320955946888, -0.28108532594346813, 0.21055996707437813, 2.106426312199257, 0.5064604402744116, 1.0665716222944448, -0.08198273848195094, 0.13937624814306532, -0.4714223313344367, -0.8036580004278592, 1.4216712365868625, 0.16940360359430331, 1.3878542573835724, 0.041861901031805114, 0.5002171594575405, 0.9594632245459807, -0.4545888823160137, -0.7394287347925725, -0.8374356792914716, -0.15988760337115365, 1.6343074686761487, 0.21204351435941696, -1.0894848504888293, -0.004530373221639476, -0.20058991174217547, -0.2936550088720592, -0.3998979286963963, 0.3319725212203259, 0.06575690505051676, 0.7287330626409664, 1.5243995983961731, -0.37245647138847665, -0.21695136462465137, 0.04306887818014274, -0.06051418935557633, 0.3166079329125405, 1.361470808579878, -0.6719915019224251, -0.31055197170297394, 0.8510240801228967, 0.3454747043545443, 0.6378846490495959, -1.376856605794342, 0.30522641181779436, 1.6766992695242011, 1.21525666834436, 0.2578225467110934, 0.5731725518746913, 0.40921624837659315, 0.5623060535694479, -0.3630808981635568, 0.3688030643766902, 0.18691983158049977, -0.8445044155282972, -1.021997796059285, -1.2639849186891965, -2.1494301929780897, 0.5907129198242101, -1.052163608397502, -0.9340341992380328, -0.7829782004754923, -2.404833047393622, -1.1904555494143993, -1.9035281535074418, -2.091188566772684, -0.2070243531874611, 0.06007060377610051, -1.8065824293041512, -0.5358241668532859, -1.5177095498289144, 0.7593816562242566, -0.874094711313677, -0.4496441813107976, 0.47328218859901966, -0.16944736501285046, 0.9872963216353973, -0.8393015497488957, 0.584442284308084, 1.2097714117338179, 1.1879586165108917, 1.2058167245025528, 1.0813117233613911, 0.6128712234571566, -0.0823629686380977, 1.0489265715412348, 0.11040270566686271, 1.7472141092495637, 0.014794421693055382, 1.0982447691713244, 0.330645187414111, 0.25711129406865885, 0.63220769868448, 1.8867703107917209, 0.5256234963401593, -0.38604688869097536, -0.8072556289640428, -1.3948650227730663, -0.6279597925994015, -1.0069077297019753, -1.6801738720150228, -0.11864274248711104, 0.3967721870877758, -0.7648559596451612, -3.91365766975496, 0.37426972287462584, 0.17905612990921338, -1.5645542720075096, -1.338466238215488, -0.8642188148117215, -2.389763162282825, -0.7827289645681833, 0.36169373642497615, -0.15281906476942286, 0.23193264846366174, 0.598018050869288, -1.1396983860274787, 0.08273108336087696, -1.3523259701455614, -2.034284514301758, -1.130500259770302, -0.7212887821305339, -0.9355605906240472, 0.9018860808731304, -0.4315115450958458, -0.08098089853009145, 0.18982418416768435, 0.03773148221850011, 0.2286369890107307, -0.1548945210894913, -0.13407810785562532, 0.8605045691306683, 0.5088513485607931, 0.09404085110171133, -0.2536519783079556, 0.10863876126830278, -0.31626857831939764, 0.16802181775759015, -1.33908729714095, 0.26700094371797617, 0.5191723194240897, -1.1630062493283464, 0.5860030848103597, -0.1570795325545395, 1.611809641340773, 2.03570600011252, 1.3380135172887075, 1.6419567420350645, 0.12617961805619704, -0.33862306820426735, 0.3153492698365599, -1.5922679279381649, -0.1286441638410172, -0.46301051915147234, 0.14296998066278546, 0.9360275277247572, 0.45186176102939657, -0.7036611653977076, 0.6623887299659699, 0.007778768294271281, -0.46375872806128754, -0.9034439019925208, -0.8644933404342139, -0.048617385330263094, 0.24606384719095378, -0.8544481024604629, 0.6851900694660851, -0.6114721319018396, -0.6650875497668856, 1.1095284979774065, -0.03929528980491129, 0.7431654245310713, 0.6944093637487677, -0.5932116067993066, 0.4839431115526721, 1.294756126805716, 0.27404397492886057, -0.09240091550218746, 1.1503816269395817, 1.6425465844840876, 1.2967515189675465, -0.24403451455870293, -0.15754543431825624, 1.8228234797354717, 0.7027126335224615, 1.2410043161326667, 0.12974787027080534, -1.3191373504530535, -0.658145419931529, -0.1639034719696959, 0.6323152648275671, -0.9692412835352747, 0.2372045883309241, -0.04258223708547734, 1.1151609232246034, -1.4589681367115055, -0.1434575160099676, 0.4902611623361092, -0.5836287179906806, -0.039950349326221456, -0.6547796522546274, -0.6731170328852573, -0.3575444641188391, 0.149983936712605, -0.08821268893964124, -0.28618470461076567, -0.3679804503941663, 0.4711608530163411, 0.09145171024761327, -0.6432433519782946, -0.5209301724868977, -0.9768927745761505, 0.13961386939381934, -2.2970726087510713, -1.6048360221304507, 0.6301231117358723, -1.0768371688600769, -0.03728590947377633, -0.5450626956411132, -2.3077929455350703, -1.9821458316553806, -0.2170659481862725, -1.295561947621179, -0.6952824397079796, -1.1245289190834789, -0.812768150930219, -1.0009906176341115, -0.18657653376980726, 1.1082840347202487, -0.8167441761017527, 1.164521610083786, 2.1126333915137825, -0.03421413029451854, 1.82213983631506, 1.912059968003411, 0.4692083592106891, -0.4125346612555992, 0.013292181429847132, 0.6967298549752574, 0.654312047237042, 0.27413676966588263, -0.030186558824290683, 0.9934246927387008, 0.874819530696607, -0.07766097787843551, -0.6090281145743326, -0.15883513206360467, 1.0070441474249339, -0.11077760054477746, 0.392427607982059, 0.2621945796397061, 1.1957136164023843, 0.8399564155536445, 0.20617944961966014, 1.4006089836079194, -0.37531898963821914, -1.233595376193632, -1.0653858283443867, -1.424507680939051, 1.2764755335870055, -1.3598378554929786, 0.6475529693248554, -0.34079006646932153, -1.3491865642493892, 0.031341684232504975, -2.366306522278896, -1.4910856626119218, -2.6880762825737574, -1.755934762744313, -0.873682674530845, -0.04928981919787189, -0.7480942352136197, 0.5652636797961847, -0.503595937073728, 1.3968998407397342, -0.685904161505604, -1.4988162465872397, -0.18517404201135204, -0.12889525257694345, 0.04079724708977192, 0.38430303371173535, 1.1353915709581353, 1.4876834197540083, 0.23527796452144598, 1.686373377584118, -0.048319974698924434, -0.4245023504342786, 2.356466342639634, 1.0487200199836986, 1.5871566190549602, 0.10903934975349491, -1.6592389144574522, -0.47946207207747416, -0.6887818879851825, -1.5363663612508869, -1.7175407976012036, 0.10594727950305506, -0.5465512501394922, 0.1180237041985782, -0.38563749985535173, -0.16432800083899365, -0.005286239443859579, -0.38646699689905545, -1.1488850888135163, 0.12851609759404803, -1.3051719468001388, -0.5625694206966229, -0.01538888494209037, -1.979505446848997, -1.6922522908654356, -0.5554726755669053, -0.9045491911045492, 0.2503090221843885, -0.17405571452094892, 0.9650946393197477, 0.6276472659670747, 0.22603697300836273, 1.067086789667819, -0.34157114640771874, -0.10910862282215639, 0.6943799015142065, 0.8574260336640924, -0.14126290877154649, 0.3103661379262089, -0.2539651226252584, -0.5883055910757692, 1.6305298495638614, 0.9374430942842136, -0.2627845798449593, -1.6419036358127108, -1.273326800303391, -0.3388822079608861, -2.9254154973492903, 0.3991027930228545, -0.5286568229992538, -2.731479351176799, -1.9033937670270495, -0.9864490631012538, 0.06933494932152695, -1.0106003644992931, -0.8407189356075635, -0.5108034090522783, -1.6226371251929403, -0.43078289372514633, -0.9301878129926231, 1.5227044254547388, -0.5461459335889638, -0.5552739308716822, -1.3139955418108706, -0.9835072161253313, -1.0106003644992931, 1.4247017364780803, 1.1255309023232258, 0.3698486575408958, 0.23671800264989348, 1.1645932785622732, 0.4534561301592177, 0.5034391954455998, 1.4099245193931962, 2.008381736589251, -0.5930919534441098, -0.16985161555778683, 2.441447802546287, 1.0529458063571062, 0.19246137739202007, 1.494745242457857, 1.5831264335727533, 0.5511158659428305, 1.171293144973192, 0.5934724759311117, 1.150626652568529, -0.15580796627678736, 1.1539686887839762, 1.2300403262278892, 0.7584937683212417, 0.48211677639408973, 1.9102336494394645, 1.588293606236801, 0.43642274946355664, -0.10478019819957199, 0.4336750203129997, 1.7203483614694575, 0.47446466530241976]","['v96', 'v9', 'v93', 'v57', 'v42', 'v1', 'v2', 'v3', 'v4', 'v5', 'v6', 'v7', 'v8', 'v10', 'v11', 'v12', 'v13', 'v14', 'v15', 'v16']","[np.float64(0.16075964951651617), np.float64(0.1593360896807548), np.float64(0.0627036312726879), np.float64(0.012695098562303976), np.float64(0.0025839665008712018), np.float64(0.0), np.float64(0.0), np.float64(0.0), np.float64(0.0), np.float64(0.0), np.float64(0.0), np.float64(0.0), np.float64(0.0), np.float64(0.0), np.float64(0.0), np.float64(0.0), np.float64(0.0), np.float64(0.0), np.float64(0.0), np.float64(0.0)]",4.489607415705844,4.534874652129274,4.551598583874355,1.0051013828905198,0.8983280400029752,1.5565932958791528,1.5543340561861476,5.727520256263962,5.734829560493054,5.443872354402166,1.26470593285424,1.2006624606370844,2.0229350673363475,1.8098419531770527,1.2616517339490578,1.1867887417805465,1.2106643245732034,0.08031088531677591,0.040650946158000245,0.04910775991782401,0.03269547895400893,4.233856950295275,4.233856950295275,4.337183780187999,0.930546402168307,0.876148199974994,1.3709211874182965,1.2755968074731308,1.5727253667658154,1.5423277620717064,1.5266674723250837,0.6899040258579276,0.9722057251629982,0.7017333693602964,0.5831668209245346,1.157651585625224,1.2002740208602625,1.239158010507741,0.2178525070426022,0.22708671409063336,0.261345625513398,0.2213835417640598,False
f202_a,m681,"['178', '179', '180', '181', '182', '183', '184']","['490', '491', '492', '493', '494', '495', '496', '497']",f202,m681,False,0,lasso_no_out_standard_k20_lda_nc2_sex_on,lasso,lda,,standard,20,2,49,7,8,True,0.9947860836982727,0.005213885568082333,0.013744175434112549,0.9862558245658875,0.5238365530967712,0.47616347670555115,0.8162584477814001,2.232446822561332,-3.705823981053941,0.39083563352029455,0.06232495498427537,-0.04883805423461354,"[0.7143612325856777, 1.495398711246239, 1.853466370598992, -0.18044613290684008, 0.9577660203367037, 0.23377332462779982, 0.6394896079812301]","[2.060402915956058, 1.8248246192439466, 2.90026532993023, 2.5227344057356826, 1.7636962381627366, 1.959287392631544, 2.5959168562691257]","[-3.890406548355885, -5.648087458763087, -2.4215023119286148, -2.0975351809075167, -3.4287858399651014, -3.234532807788088, -5.645810500285957, -3.279931200437278]","[1.6854727283956699, -0.16259434727879646, -0.143517472818999, 0.8821744579342833, 0.07513821632429409, 0.6841544171172559, 0.5483741361527985, -0.44251706766414994]","[0.621484075490504, 1.0636402841300936, 0.3547237473101913, 0.8710120857809343, 0.7549241861503492, 2.476920997500724, 0.12220981846871977, 1.6373397051566447, 0.33089547042625056, 0.3744178914287492, -0.28697474347893087, -0.7257186985087913, 0.0837433908275282, 1.6845912027302332, -0.06395949201003931, 0.9699527737300031, -0.5372929301573892, -0.0847750114160436, -0.364379842401423, 1.3584475205462774, 1.880428754296884, -0.7071319646144957, 0.8441421402196794, -0.14841795244890627, -1.756623289616897, -0.0564048090831824, -0.006106369178435738, -0.6211086528604818, -0.5793059633233795, 0.2140851819555731, -1.1125535761906296, 0.24787913153377944, 1.6162751612621475, 1.2725096985915103, 1.6827419965489312, 0.40416452629492183, 0.8534839561951961, 0.8491078416328686, 1.4244713340691304, 0.020886864916927202, -0.6511992347074447, 1.7773381096614203, 1.733649098757692, -0.801567716487685, -0.41930732661347936, -0.7846728764949643, 1.4833964241635487, 2.009929561755015, 0.4548748507014749, 0.34095788758377416, 0.1512258470573307, -0.8630660203146647, -0.4285244138022471, -0.8895944706038305, 0.584229897515188, -0.8644446081413958, 0.48398166651411256, -1.6564568169998173, -0.2012947034256311, -0.015121615358186858, -0.1463315953027689, -0.5290804043174042, -0.2833492305155384, 0.622804836661112, -0.6759570406963904, -2.0477077334523854, -1.8675220803433126, -1.6521578711993326, -0.19082337601481186, -1.181228732067312, 0.3553793009876463, -0.9029810063265674, -0.28898722052030035, -0.4413527041768486, -1.2092672293591928, 1.174491892257561, 1.5142827190827064, 1.5581983273615088, 1.4140956780167566, 1.8925035546849789, 1.1641329701303977, 0.6407697778669389, 0.43590413790292826, 1.5532330078323167, 0.8926970686880366, -1.2875721823022412, 0.8738825788824038, -0.5062234983596661, 0.38362179107093625, -0.5519332093677395, 2.2037468382414196, 0.8546338063040423, 0.8629933656127053, 1.8199169458072912, 0.9830185219543219, -0.13386240102734692, 2.0479184932540817, 0.04136908422479876, -0.23577156276328162, -0.167285877472791, 0.6673736301521336, -1.117433915040335, -1.796892907936949, -0.25583347619297575, -0.1759847531066228, -4.527400801444748, 0.10436207155936282, 1.9136088067708017, -1.3344567947594175, -1.1864388354669961, -1.5699151278188102, -1.0298221576275661, 1.091365340801753, -0.32532451261441564, 0.7221824882266815, 0.08682685717693091, 0.7184027613022264, 0.2367751204633242, 1.3051229668194344, -1.1959466505279104, -0.8384574829312352, 0.4948880217449117, 0.5150475516804466, 0.06091484628359623, 1.5881933416961487, -2.622228517623095, -0.7283523726459533, 1.3641045150028606, -0.9778921617457772, 0.6516336215203409, 0.7838151537613824, -1.1156293776317556, -1.0601342749086256, -0.8304634011658266, 0.2398471475046564, -0.5264029571354324, -0.2711823714761838, 0.18000031418607154, 0.6140816721256589, 0.47747851688181603, 0.7276573801918927, 1.8952167062966891, -0.6168870884202285, 0.16118545422147923, 1.6666554676843262, 1.219199171274972, 0.7881271819693292, 0.561806921804996, 0.22085187991738528, 0.033278663141348114, 0.8890101036668805, -0.2979264809623174, -0.7375213764406968, -0.5750345074886745, 0.7295555548699835, 0.24983711391532412, -0.4113554793533061, 0.9594076534982882, 1.0657058393407315, 0.1391683093621374, -1.1590871187231744, 0.7602338652795883, 0.4486990994333925, 0.2151354548057204, 0.5159741382610689, 0.1488139033924908, -0.0855795196457388, 0.17337817096830718, 0.31884485007531077, 0.6482447631983917, 0.9185203761370393, -1.4851965533258673, 0.03700779209817541, -0.8275868461048346, -0.5486955131700341, -0.6380481166206545, 0.5520390609012319, -0.08840702999457833, -0.810120629527609, -0.5112413661547814, -0.15809983098955044, 0.2669278479980495, 0.4044365333391275, 0.28179467623564436, 1.3151886881408408, 1.1947564687372234, -0.7726178449944786, -0.445285149781144, -0.1489592019069492, 0.7253460246564095, -0.5292660545921697, -1.088289221234786, 0.7088220341645544, -1.4314867177246284, 0.3376943997592775, 0.2668137975022871, -0.44114010054646824, -0.23644299987457046, 0.21902026684383502, -0.19150245822354509, -0.35916840461934096, -1.0986630606056067, -0.24679551859299959, 1.275485567090273, 0.34484138524258656, -1.3443457146754383, 0.9183166241141414, 0.07423707697138474, -0.1098556832911553, 0.6913496819450692, -0.8004406738805493, 1.1415621009504402, -1.036616755786766, 1.1228186383960868, -0.7039796571901163, -0.1922272522528167, -1.0950913424582354, -0.8059219631593705, 0.34974067792371655, 0.5275204955127573, 0.4969484096953807, -0.1456251829659083, -0.45151371241328786, -0.9039489985985488, -0.009528180608505289, -0.5215088287863905, -0.28417654042292323, 1.9407178749137928, -0.6977669936067955, -0.31837596649845784, 0.5096369765795737, -0.36360068325114037, -0.5124211223147548, -0.2869075982591619, 0.14997945442733507, -0.4982710750988073, -1.272836415140367, -1.8778981162059163, -0.16512342247592582, -0.1556245247113851, -0.9247352840357099, -0.6757380170362369, -0.9123605951082709, -1.7858969996146468, -0.1479170620070574, -1.2330984101604898, -1.7913246756298806, 0.014477020063750758, 0.30156238204203395, -0.18074984654621473, 0.3379426103152089, -0.002015045157690311, 0.04548809769819411, 0.3145433614220637, 0.466022502314181, 2.9448456009526507, -1.093259491260123, -3.583072046952513, -1.7531736871956867, -2.3312706934648384, -0.3404517133074348, -1.9245687371769034, -1.155245857623942, -0.6988475353413811, 1.4247538814112375, -2.652003979184826, -0.7275868969918927, 0.6047146643610637, 0.22653000730795, 0.016531117303336534, 1.2784596986705234, 0.6338836119254789, -0.25251103225127886, 0.5983332900086166, -0.19111733434223951, -0.4143285075958173, 1.8917624699452962, -0.6911475680697698, 0.6069446144870303, 1.872581158104417, 0.3921638923122026, 0.7600021042550944, -0.7088667693845264, -1.085601811645879, -0.5544493369009588, 1.934174594419278, -1.992114073332042, 1.4753648667798236, 0.9726743398678235, 0.33730240086556673, 0.9308636511909723, 0.4509256336632938, -0.11891211028902592, -0.6385756887308957, -0.8394342132132115, -0.5360166521677503, -1.288216294160277, -0.5662622537478188, 0.7259589493076233, -0.837568630268067, 0.4087385661790876, 0.059727538061172564, -0.9114171075718287, -0.03593768464491979, -0.8954572060681911, 0.18106673889863178, -1.928761232516408, 0.2564679447488445, 0.266204756722127, -0.05342466919654046, -0.38268470237760477, -0.6838344096905047, 0.4447470856504237, 0.5328434048669098, 0.6161074380446615, 0.8119183876957535, 0.1472960854914346, 0.7908543078605534, 1.407599654789078, 0.10295199741355421, 0.7918013425840398, 0.3328199644955326, 0.7073779005336119, 2.140646277282126, -1.5558288680196455, 0.5861952307088768, -1.1424373196848632, 0.42665137559148547, -0.793565956151477, 1.0875196101576954, 0.027374427865079116, -0.6271899735405524, -0.15813356855808847, 0.04851644350796736, 0.020868566038871498, 0.5940063795807116, 0.30576544812397943, -1.4465870282887445, -0.15616802967073826, -1.1075806249246336, 0.09871948059252758, 0.28033088070772416, -1.104806638951463, -0.8149360110745772, 0.16358057565987988, 0.07876505231907124, 1.7968957081706112, -0.2705790328846325, -1.4273530366526224, -0.36452131075830563, -0.3530701134088475, 0.09871948059252758, 1.1770277676351322, 1.4428233131261585, 1.0638359715629933, 0.9077140431525792, 0.17960349203165002, 2.1826675933718125, 0.8568225073054699, 0.8819692342270447, 1.6345836572988823, 1.4602400244443494, -0.9771196299510302, -0.39263335852322173, 1.3469193648003401, 1.757952135878015, -0.6215878689253805, 0.49117860943871755, -0.09898967002620035, 0.4286763893114357, 1.268839409573626, -0.39448615569445966, -0.9930176782087083, 0.39229313974451535, 0.8492416447331799, -0.021612682687308753, 0.3653107093522278, 0.6402084551508114, 0.811959408321169, 0.20817005643666484, 0.43327776737716484, 0.5735566016729648, -0.44149184591152896, 1.6480875076035866]","[-0.6243113584957284, -1.772373573160833, -1.6420003105136318, 0.20397680133972432, -0.7864358523203343, 0.9624581041337725, 0.49376857132751173, 1.1534709552666684, -0.15206653957253277, 0.21961698616969752, -0.08819593919158189, -1.0276521978500124, 1.3245581050484836, -0.7659154923782924, 0.790854506515192, -0.5410678804981469, 0.28436581606980527, 0.81553448370004, -0.5298799066575436, -0.9632726447645978, -1.648879978285241, 0.6920966194316301, 0.8855104512181473, 0.4472033367266802, 1.6937431052107654, -0.44618290305563124, -0.24592262073961754, -0.5510191863745589, -0.38029732998245225, 0.6964074761186334, -0.21282768727863027, -0.47374430896489617, 0.4685840376526673, -1.2451583218233377, -0.864705395060008, 0.4605135149683946, -0.14471679469215712, 0.18726680609530702, 1.2620040839606412, -0.786220057353434, -0.24580312812540384, 0.9642782487745328, 0.16492701654880693, 0.6618903759269928, -1.981308506028286, 0.4473558849612197, 0.8360662540625315, 0.49766883929749944, -0.11742608300131031, -0.03420485423154067, -0.5867309957107197, -0.06174087211071902, 0.11834691411037947, -0.3044031736348884, 0.1756814691476783, -0.7767072343607551, -1.1524675661107633, 0.13936235621039003, -2.1047036056025603, 2.0501420823866026, -0.33003030837996356, -1.3723193588953833, -2.0086459714716782, -2.126433437526679, 0.04156491386719229, -1.6091520614090549, 0.07454817177228251, 1.5292339444199639, 1.0402770036464222, -0.41337195371436053, -0.09269272671882352, -0.3947683490556508, 1.5016831087406217, -0.3210671828106456, 1.131871835807829, -0.8866399687385513, -0.9217106409113031, -0.34379280440948307, -1.8418599136028282, 0.25617287610176076, 1.037996299286293, 0.9599606825907065, 1.804318253254979, 0.23319519862321114, -0.37503010016839444, 0.18154867840595923, 0.9630893476692511, -0.2142529056773953, 0.6376843382384791, -0.6710753202285961, 0.9575744819346688, 0.12620348792472919, 0.5706188320128154, 0.42726945582047055, 1.6117524524797704, -0.35154143075999256, -2.563068166320931, -0.5365745916199688, -1.7524228758386144, -0.5252267306739917, -1.5986989316140052, -1.4197029786452071, 0.5623635763763726, 0.16832098724012629, -0.9345305976886688, -2.421591862233467, 1.6967682239991404, -0.3739636712089126, -1.7224263669845363, -1.9085246188139053, 0.7275215323391147, -2.662759921783326, -1.136735565463673, 0.9479368849445935, 0.4657628217318474, 0.43488619526374284, 0.3850623055173663, -0.4425340177055868, -0.940467126049897, 0.4638722488436937, -1.0790570435932343, -0.4269537942808302, 0.23419458783825162, -0.6359535461041019, -0.6124526198832644, 1.0754325523232087, 0.5380788948802336, -0.006524726392136045, 0.38911228732581016, 0.09350888061737937, -0.48402085672485595, -0.07114065989290436, 0.9070921686583836, 0.8242271603742534, -0.2110041886593923, -0.5581589260997126, 0.48554838759327346, -0.4370705046146702, -0.14795660393518498, -1.3682480281761862, 0.1331784103339159, 0.15095555604544839, -0.40246636888246823, 1.392445882957691, -0.5068121056106908, 1.7986396043737771, 1.1367271652934017, 1.1878028816818869, 1.9442782045894447, -0.41135664703601665, -0.2741768537464531, 0.34072196104757624, -0.2678677839493141, 0.0886035435107281, 0.13835242611992263, 0.1770832285988827, 0.7221462119219972, -0.045762527720871436, 0.06769900436993233, 0.9145667745527857, -0.8690530511926794, -1.240955832959843, -0.5028604021723494, -0.3901901459668337, -0.2733099371127686, -0.3246859084415982, -0.18115744917008028, -0.16959044851485094, -0.8514001713624832, -0.5649910060198499, 1.6096524391624705, 1.160270742579609, 0.8618018183184105, 0.12319275752943958, -0.09615416739654949, 0.1968980812743495, 1.2561468991855493, 0.4457018294572957, 1.502958951502199, 1.6253161308775563, 2.6045521657007193, 1.6779968073960236, -2.0407065283117523, 0.7289982475893476, 1.4648055802234412, 1.1934849412242654, 1.1755134548492245, -0.12640257417399212, -0.47786289022555656, -0.4290414939864329, 0.757093343450195, 0.8948269242078433, -0.9333226700512126, 0.9644773004425786, 0.5292908120404406, 0.9747977359731032, -1.0531309381195135, 0.06328358800134638, 0.047348415478862885, 0.034135421718193226, 1.0708530280895574, -0.20264719767995415, 0.08761590594386014, 0.2544335143363686, 0.7067869940253196, 0.5879252892481454, -0.7040506299999387, -0.3090913640417077, -0.40867947657228443, 0.32192341768405686, 0.414143626241384, -0.9942637958831096, -0.6621733278924977, -0.3429024692636593, -1.7388838002790097, -1.3677348430895098, 2.471163015657411, 0.11834907125616027, 0.3718218990160675, -1.0342959669268834, -1.5454778480150189, -1.6882137144563913, -0.273936995435201, -0.3108529835475097, 0.021220017336753383, 0.4128028484582997, -0.8062433499070711, -0.2529211998765192, 0.02929776011714029, 0.22431965054705516, -0.3034828465152425, 0.17594293484975232, 1.8662402371180968, -0.621721840230539, 2.139100518715738, 1.4226250920699655, 0.4153412529957931, 0.5299708223873798, 1.0061862852151149, 1.2941000994579492, 1.4224392597999047, -0.6978433083036364, 0.3485781559022692, 1.1053639784925642, 1.6562682532761785, -0.16832436096083941, 0.13152914302503085, 0.5299116040411558, 1.0283982592054544, -0.5273484323182751, 0.12560644148391975, 0.9930117571702163, 1.207011665937355, -0.8836850574572293, -0.24278586883819936, -0.25323913940243997, -0.23732144130109759, -1.1472621849111366, -0.8290211361502704, -0.9462800129200235, 1.1728440746377613, -0.7847316010435922, 0.4934094109203543, -1.1984281368078875, -2.2093491129279443, 1.4512754521906435, -1.707310218455885, -1.2851508358483075, -2.61616743553792, -2.3601934680659635, -2.15471510432983, -0.6901751733266384, -0.24017486173272518, 0.4961270563318976, -0.3304528976388554, 0.5600088684113991, -1.0085551237972532, -1.6649229144456636, -0.06241285043421393, 0.9063217297346692, 0.6797153340407186, 0.29965347116181373, 1.8272819357957721, 1.5777503570199811, 0.893032274903576, 1.5100848882425826, 0.2097596770041468, -1.2784651179846938, 2.1758599927344178, 1.3941033354100696, 1.1235331631864207, -0.04667439046166424, -1.6959937845371797, 0.18112363659367725, -0.6200178624273895, -0.2457464009353965, -1.0832010695557455, 0.3003795057198739, -1.1650256856380574, 0.06704624137252445, -1.2893498372277195, -1.3666468158610008, 0.1938013673827787, 0.14366333263224224, 0.23577414669811675, -0.4122982579639324, -0.11324357773200056, -0.05508395274444099, 0.5985217217188176, -2.306838602492202, -1.1941482452310974, -0.27952449497924553, -1.2503232798646458, -0.6683474066106369, -0.6367023790420904, -0.11843704262762413, -0.06102807970559117, -0.6519525655089021, 0.558662916204644, -1.0932682662472042, -1.0664047975048092, 0.8385383026522335, 0.48842500327377225, -1.3804625347981425, 0.3435986969723413, -0.5373204262541622, -0.7779515215712619, 0.4922233672996314, 0.308457149363325, -0.7229461118451289, -2.632425508086854, -0.655177865687063, -1.5742345382855412, -2.693635749643077, -0.20801584697253872, -0.17401518446539418, -2.0601387563259994, -2.132491055782257, -2.0883805754990825, -0.8519305054468331, -1.2556974729575934, -0.32334029788046276, 0.12114051143188038, -0.7633930804384641, 0.36505078199390667, -0.5679330758313221, 0.6923028578683359, 0.7468637451156711, 0.14304923578678547, -0.6157849296531456, -1.0414724077552027, -1.2556974729575934, 0.36843484367229545, -0.0442319940522531, 0.3538955376627522, 0.7527462724095955, 0.5018248235086628, -1.512065892620969, 0.07907750766120801, 0.7080305083873727, 1.8747384087605214, 0.05847945103027807, -0.06899205818986012, 2.7171208901164903, 0.3985440404738859, -0.3249971708020813, 0.5853023082673036, 1.2055242552082732, 0.7798525057843534, -0.23964887551572925, 0.03549054588001171, 0.1825052028620651, 0.01727636267960931, 0.7986351006051743, 0.41755889710448857, 0.44318590369296945, 0.991176817960676, 0.9832198881728621, 1.033960369641193, 0.7159771228704584, -1.7621670535223704, 1.3705206979296056, 1.1568673346128908, -0.31262691055346675]","['v1', 'v95', 'v92', 'v81', 'v63', 'v2', 'v84', 'v14', 'v59', 'v13', 'v3', 'v4', 'v5', 'v6', 'v7', 'v8', 'v9', 'v10', 'v11', 'v12']","[np.float64(0.13604210014743762), np.float64(0.1058976692350389), np.float64(0.07933461297060354), np.float64(0.03616700974840685), np.float64(0.03529120782149713), np.float64(0.031830271406131726), np.float64(0.027228913537410065), np.float64(0.024455438005284373), np.float64(0.01881460968159889), np.float64(0.01328294323512299), np.float64(0.0), np.float64(0.0), np.float64(0.0), np.float64(0.0), np.float64(0.0), np.float64(0.0), np.float64(0.0), np.float64(0.0), np.float64(0.0), np.float64(0.0)]",4.882700202222381,4.962262919651514,4.707013727000725,1.0710252469384551,1.0071894696538024,1.9259932425870139,2.0280605366874216,6.363693617876378,6.363693617876379,6.016914482216363,1.3770098531968404,1.3571388552721424,2.3631395334331544,2.52707275929526,1.2430000344319025,1.213706302987996,1.2424397670102962,0.06911684659332842,0.048567891932228324,0.041848782644959004,0.02327822679392011,4.522082428835341,4.529675209184143,4.214998024449386,0.9644190634482817,0.8559091032650089,1.7852220653798176,1.77413765968922,1.702025504257683,1.6862409138405472,1.7620695731859954,0.678130771636827,0.6043567904381291,0.9556499097509564,1.0145785515571704,1.1543386703506562,1.228863866325162,1.1527238601774934,0.22390733320674394,0.19313788569286666,0.28344778303793233,0.27275449587176226,False
f202_a,m305,"['178', '179', '180', '181', '182', '183', '184']","['514', '515', '516', '517', '518', '519', '520', '521', '522']",f202,m305,False,0,lasso_no_out_standard_k20_lda_nc2_sex_on,lasso,lda,,standard,20,2,50,7,9,True,0.9947860836982727,0.005213885568082333,0.004385875537991524,0.9956141710281372,0.5238365530967712,0.47616347670555115,-1.5997188778444327,1.8093912355996575,-1.8880244074715635,-1.2004489587532163,0.07341211409415394,-0.004848171928173596,"[-0.35124885497626435, -1.2124269490631423, -2.3618358034042295, -1.9701457623883312, -1.6891071579751231, -1.7428317272457734, -1.870435889858164]","[0.9218752919825491, 1.3011725475928804, 2.2408495019268435, 1.6299955805214983, 2.44303366344434, 2.068285595304026, 2.060526468425464]","[-2.1401918053437563, -2.1944724811366534, -0.8847288262829833, -1.4582774859767185, -3.4244094051063505, -1.590554368028517, -2.2656548124963862, -1.665531066323743, -1.3683994165489644]","[-1.4376669615457125, -0.9313326519838068, -0.9844239848702604, -0.7101617519917018, -1.7163517905275714, -2.228473597196433, -1.8000935517706547, -1.8483357679447625, 0.8527994290519543]","[-0.12503845065608576, 0.25696250676822197, 0.7566844091395443, -0.026539211560374063, 0.3737213605147458, -2.409652450346098, -1.0467416621785897, -1.193446091214132, 0.5098255571068716, 0.3955899173418158, 0.2074714009018786, -0.07893448113108935, -1.0393722597869395, -1.3156048340137767, -0.4547134590082247, -0.5963855359094007, -0.3014272972186664, -0.5835195716219885, 0.4333902037597351, 1.3833715586994653, -0.9788926783318983, -0.05324073944806797, -0.5121822104589534, 0.13680125586072925, -0.8764879903757244, 2.0347108584590705, 0.6518026042090398, 1.931307169797915, 1.2573236381686563, 1.9442432100174434, 2.126434138050963, 0.5460545280055163, -0.31161005297557864, 0.5101909012697667, -0.2728213046291531, 1.1930004740441966, 0.683872276364736, 0.9555256180678781, 0.4701544883856855, 0.2925207243605221, 1.2176725231722159, -0.899250496517953, 0.4840939478060704, 0.30812765181531526, 1.8269223711564178, 0.9969934748978796, 0.044781761948491774, 0.30657882685421556, 0.617694405777603, 1.5584178712509635, 0.17409902940303343, 0.3556177978002224, -0.5433433162703034, 0.05577190551718247, -0.9458840744263137, 0.03973293244700041, -0.04834490722276164, -0.49951461940584174, -0.3478482207086127, -3.5445904547287173, 0.7508132892667233, 1.6191279021881384, 1.339733015431612, 0.2702975850551425, -0.8636965442855177, 1.166579897648984, -0.929006314375059, -2.1591550760089504, -1.7680091165947565, -0.47463794851356883, -0.3304796000786039, -0.917376433736994, -2.834924515219743, 0.9990699524865075, -1.7197931595207314, 0.8304471825882086, -0.5052621771263747, 0.05373963029313665, 1.4333593925596446, -0.19210951427420397, 0.06447508180422289, -0.6284595303301078, 0.3306410793493091, -0.01923396296746913, 0.9609001487216158, 1.1759594759579708, -0.582887052704162, 0.6019549873829447, -1.3207682250275772, 0.35314205488189204, -1.2926203735200348, -0.6532304195479354, -0.1758705953968625, -0.06998303822119435, -1.19484577686891, 1.3824432461126899, 2.569570829210179, -1.2794548310317553, 0.470694465045642, -0.0037605382602362058, 0.28352453090919116, 1.3281029587950277, -0.9942554817529959, -0.8727917338190787, -1.0790034107529898, 2.7722142833551366, -0.1721089232872387, -0.172565109407276, 1.5955698872464512, 0.8751594213220237, -1.0177098894634875, -0.0829871291644364, -0.3421175304997095, 0.2832164482157901, -1.5583989129029234, 0.43643111033144366, -0.5756857679768583, 1.7537144788479593, -0.9209055048467717, 0.32566986205288706, 0.5863517892324618, 0.9267282157944796, -1.2197531855568262, 0.8846141525438203, -1.1493140552330428, -0.06890863063302721, -0.6142948300388896, -0.09578884858020731, 0.12589601507696777, 1.1576679274327366, -0.027048233978826348, 0.32684404178571846, 0.6451652647299373, 0.9425503281749418, -0.31318345773220213, 1.4436737045513492, 0.12729078287101425, 0.19427341874782666, 0.12856756754328935, 2.7837505997231142, 0.532991533428954, -0.8049349500699917, 2.5586922503651457, 2.037348554644579, -0.34642958929207834, 0.18060602424541308, 0.283456572511012, 0.22876451567245826, -0.9537187412080383, -1.9233845731806445, 1.3510433025895974, -0.016046826890835156, 0.2395311264026704, 1.173576013460181, -0.21974551684938173, 1.1865245800412225, 0.7456211474422287, 0.9910188618268829, -0.7763738562437255, 1.8482221068351807, 0.3139407518731187, 0.8433656757151379, 0.5749778777142854, 2.056128276508802, -0.1490821902376094, 0.9553340778861569, 0.1984988363144939, 0.22976229634428197, 0.214549044079397, -0.3364047446745544, -1.5455501561596494, 0.1911584353086258, 0.10243875454256689, 2.096997804907941, 0.6850694656412618, -0.20821274311624405, -0.1944505093731757, -0.2849742580257431, 1.1348059530074306, 0.5006750984860313, 0.7108020878073705, -0.9059096071951495, 1.73654993372895, 1.0550337868392607, -0.22832124036031412, 0.06004934123447882, 1.0696556405570607, 0.5539254224476493, -1.5979676697659495, -1.1125442869252056, -2.108226082593691, -0.07426899054089449, 0.30414503006467897, 0.4340075248661572, -1.2102867638407582, -1.1739484507700644, -0.12298930916849417, 0.056009795498408864, -1.2440852871596295, -0.7344823019151444, -0.3264357669538929, 1.0371385972709088, -0.4120996162121449, -1.2369965335935036, -1.172528331241499, 0.01738428323600914, -0.6448248780227064, -0.29583878896579247, -0.6753371464211527, -0.9205248685515366, -0.3499291434398037, 0.14126148015414586, -0.9096316013761648, -1.0241886177811468, 0.6150935573245282, -0.5512988871297235, 0.028626764318353773, -0.5020488207485355, -1.371256877580662, -0.5747187649260641, -1.012021656978903, -0.6395376659716271, -2.3447729458584496, 1.0289641456326486, -0.9608859070268612, -1.985959522918006, 0.545267288043906, -1.4508712689131247, 0.8929436958592354, 0.243481687788211, 0.9093733476543612, 0.8976707935359635, 0.0796903522002748, 0.24961747439748005, -1.3125288090974538, -0.517311677465331, 1.664971321579343, -0.3484046420850946, -0.4237057454827988, 0.5751859198712526, -0.5233810192540636, 1.0341330447670654, 0.8365289472613446, 0.6452230477446433, -0.4605518369183313, -0.4039198258218593, 0.8374103369564101, -0.14121389501058096, 1.1601195927266514, 0.5113458705996103, 1.6153034569271325, 0.7678231906789033, 0.6435500704535956, 1.6583076549339222, 0.9266323065973601, -0.4875333439541922, 0.8135270675737619, 0.7592200422023865, 1.2434760923581147, -0.5360167126030017, -0.7389081050920513, 1.8391716849064543, 0.8963912615521611, 0.3625083236153408, 1.6271100274071908, 0.3010265063089733, 1.1198360874771227, -1.7642646951268453, 1.696353505315487, -0.10445710848545474, 0.28944669679930235, 0.017211437035575906, 0.18943344893834557, 0.3089268803650638, -0.769828785642388, 0.15843153998122034, -0.3295484657717262, 0.48754463004657195, -0.6344198866888665, 0.29585706641653187, -0.33693464002337037, -0.8062051128535432, 0.15728228428430727, -1.3227519966260395, -0.40275658437032846, -1.9324651262506953, 1.4790252383607407, 1.071941197379629, -1.748128526525229, 0.3782697256860704, -1.4478241541833956, -0.46265715415543146, 0.29997936153557025, -1.6783272881523081, 0.7715542050088074, 0.39054171191680803, 0.5131449603779615, 0.2952315327571051, 1.6300016855077617, -1.6313493336631772, -0.6360006767011706, 1.0752645197458048, -0.3889805855293644, -0.9604942662180875, 0.529902396474948, -0.5537562341128391, 0.16599357620063265, -2.3851025447793357, -1.3639016950636984, 2.907231132620726, 0.6823357522026725, -0.04931274739025912, 1.1662498008325837, -0.838669331417052, 0.2729303888190535, 0.06106692692222825, -0.5235132772456891, 0.2652701048182066, -0.6019337757763777, 0.9733733237835014, 1.0442812507635864, 1.2293371420125514, 1.5050925634890073, -0.7201470584766045, 0.223057439086133, -0.6776410523627836, -0.2543413851027959, -0.6636243821314054, -1.0286488833821967, -0.5361794161961099, 2.4718572408604573, 1.7279807881977847, 1.9449657625148553, 1.215301433786725, 0.5662674430812319, 0.07709599363504248, -1.686345422916615, 0.8248779321359956, 1.5213682675159141, -1.1535507506609652, 0.7076001121442302, 0.18679940040310986, -0.8782246616775197, 0.7063863791735604, -0.6581212759572889, -0.42249603910714917, -0.5119910185132952, -0.0025697736635721504, 1.022862370279625, 0.24669332746517067, -0.6035881011238889, 0.7076001121442302, 0.48843922337802714, 0.05459722272644385, 0.3703435916853875, -1.2956749167682668, 0.9418926619031226, -0.7223652836850775, -0.41804300285329643, 0.37208118361185305, -0.09306963630268182, -1.0324656702949115, 1.84995027837997, -1.1544815514378859, 0.08015289260577302, 0.7886703783977999, 1.686935072616013, -0.11994738343627288, -0.5910159372962648, 0.5824344647456527, -0.9336718629169359, 0.3604255113259792, 1.3129135021693739, -1.3165858122708256, -0.2501565146861266, -1.0282302653901616, 0.19601011265257617, -0.31830513534634164, -1.25303400542531, 0.025852144888201842, 0.7624115050483534, -1.2982495199762378, -0.3480943865299777, -0.07032233298758091]","[-1.1788837796292317, -1.4770913937334265, -1.027160305929815, -0.38342694027214086, -0.34855588694250433, 0.44693161253034125, 0.04278944450175713, 0.8594419771217815, 1.1895726967609257, 1.0052843162327136, 0.5428475224921123, -0.26687371145399463, 0.5164441954175244, -0.1772856169321777, 0.2770893293374981, -0.6543458099364012, 0.7479359650790303, 1.0402829608546675, 0.6690605674764927, -0.4827022434649359, 0.14201494501912754, 0.11214846091312333, 1.5510312980509744, -0.877351439604477, 0.36151617566295596, 0.800588305547666, -0.37244637814320236, 0.9281005393682078, 1.0811372835768294, -0.0012192725565150872, 0.903816382813661, 1.3937936873104717, 0.2925582448277766, -0.7140887151152259, 0.2881762424636635, 1.133739589794931, 1.3904045192957502, 0.27121164459067165, 0.8080783021367548, 0.3034410476255225, 0.0957192366332115, 1.419705268248561, 0.3498686692975776, 1.75565928754447, 0.4392441636131729, 0.7680338998126044, 0.8664762842896233, 1.024762949708202, 1.0900733439551633, 0.5563293003892212, -0.006603481478436536, 0.514960005090188, 0.4074409724181635, -1.564165789932303, -0.6202187403214487, -0.8414671354134635, -0.4713430976195687, -0.15303547784784075, -1.1165072182626203, -0.25730425889933123, 0.4229847889539263, -0.9002791094439028, -0.8237438341640142, -1.2330471908040341, -0.528369886648361, -1.37605419857627, -1.7136974053549203, -0.6823299757455539, 0.2628457600296143, -0.4684113563674696, 0.2227299416298263, -0.8089040649647861, -0.44459649351342545, -0.1601865803766453, -0.25057617132251303, -0.41884965701505783, -0.1809882590514102, 0.1742891431089371, -1.5867120719556935, -0.0953409489795462, 0.05647191395372125, -0.09560618705993325, 1.4924139536943777, 0.6207777041011567, 0.35619935746978637, -0.13719055969645141, 0.8721429368335433, 0.063352702851643, 1.5847825026718512, 0.09688689444997473, -0.023744877389731536, -0.24384701640982684, 0.11022082333893563, 0.27123937669208126, 0.4930857205466658, -0.07041712709774757, -0.1374972473145587, -0.8146276802023408, -1.4608746163530306, -0.7277881985763096, -1.8942663189585525, -1.0605977198918375, -1.245003540523398, -0.6960884111180343, -0.2433843521567881, -1.9951016063583067, -0.2575903148933238, 0.5141439789179909, -0.7938139356297845, -1.363735494090412, -0.634380918391981, -1.7233052271260003, -0.27663894205958983, 0.44700860813773663, -0.9646850030471205, -0.2602784616225399, 0.3107291225814092, -0.004518579376906267, -0.3562021153037258, -1.5448779011772718, -2.773001993527904, -0.5836604926309278, -0.13634046307578054, -0.29400917583096264, 0.10838982399554888, -0.0346363381984367, 0.1267051674276455, -0.5109733603695513, -0.21449154475380625, 0.6959863412540157, 0.30594561324256864, -0.18594096034689633, 0.2390310191347563, 0.6984830959135102, 0.36651405114789715, -0.2692649519455321, 0.09539829798904986, 1.6090957685545635, -1.1216676745532803, 1.5378055951829797, 1.1595807086929224, 0.16791806551706964, 1.2049243414436461, 0.5243395798961134, -0.20287871414327543, 1.235857144046022, 1.0511979455372245, 1.556239910125492, 0.7090333479079327, -1.6603762484571203, 0.13125696070003898, 0.8257836226142713, 0.881968755426988, 0.5459444851530882, 0.3786269168671164, -0.07529704797641469, 0.034871332896722694, -0.12983062434597922, 1.1983195456372089, 1.0915274830619905, -0.8100887587551978, 0.09049872279847586, 0.39869522090773707, -0.03472025067918547, 0.7565022187407601, 0.9695549578641517, 0.75224533532118, 1.2131997367777236, -0.11885145489405231, -0.2077373134357851, -0.05131747136192707, -0.7058815918282518, 1.7090168020745342, 1.4683136293472836, 0.8084470779581561, 0.7841350679359661, 0.6839754965831376, 1.588171556685958, 1.6675319711239267, 1.3373408047185043, 1.8463466222803913, 1.3072580311236155, -1.4002030404170003, 1.9637021446496439, 1.5700989646242636, 0.9027933736128558, 1.4938225711498785, -0.3773098376558346, -0.653429317155926, 0.6284751688420067, -0.6494081413583075, -0.21627634879717572, 0.4705975199384496, -0.45618858016470903, -0.2507488103523079, 0.5157530839691634, -0.7479613164834612, 0.9038970258087181, -0.5757182322525858, 0.008078048298729119, 1.118531675965049, -1.1424281142998973, -0.628864583745202, 0.21171628948641483, 0.10041616960530161, -0.15697205532898512, -1.3099515918843616, 0.4133241264498684, 0.24392713329096177, -1.3071624362626897, -1.1028239332371825, -0.8247329366361877, -0.5035595715041598, -0.2959899715658068, -1.3749679662086187, -1.7692892274341463, 1.3033020225286198, -0.7355926244844442, -0.1405806939164115, -0.3865278743356131, -0.5674208329584361, -2.476811612613224, -0.47876667123729016, -1.7957562166488261, -0.5600653848787276, -0.5648608146935156, -0.31639991410132595, -1.5490391986137313, -0.3051216983981175, 0.304478115978891, 0.7181136061053668, 0.7726999765539697, 2.0701039497928306, -2.336619749926385, 0.6691056959849184, 0.7690131214791733, 0.4121407902989595, 0.3159116995271995, 0.9405176870951135, 0.031022841174173938, 0.9697910745112603, -0.4233833299463261, 0.42946144386224383, 0.47994426741834145, 1.4534823822606542, 0.05353131181826707, -0.3842379868023765, 0.15247944128783006, 0.7275391374231328, -0.006075162881041392, 0.9817516587514941, 1.0025352637315337, 1.020615853879837, 0.956836490121344, -0.5984253553421944, -0.9165764888812992, -2.009628070503721, -1.573342961178549, -1.234275121973051, -1.9545987289480207, -0.6602330501121427, -1.9795434621072154, 0.6669760861947849, -0.9378044863543765, -1.5388145656093255, 0.15152219501272918, -1.5935709683128967, -2.1557708955939, -1.9815337195540215, -1.7736306481987152, -1.6702735482743116, -1.470947057323478, -1.4116889018714653, 0.22875676607118153, -0.907172911978143, -0.6980912151050461, -0.5407375207210252, -1.8125537993508674, -0.5216720334358909, 0.12444405474638152, 1.8421994660404992, 0.8497208491888842, 2.0554810437960227, 0.7968327596160828, 1.798545966565812, 0.7377743352073232, 1.150466212695932, -1.2409365651499493, 2.3353179447051193, 1.2152679916411684, 2.073425948670581, 0.09746115617575868, -1.113453168113406, -0.5509695962516329, -0.5120303432294393, -1.0986376045152495, -1.754870564058259, -0.8230292511747991, -0.9831114921908072, -0.8743558545325585, -1.3002011336951502, -1.0614463274133128, -0.5927524588770576, -0.08695498812180684, -1.1848689566788781, -0.23551877749438924, -0.7423886776768496, -0.4932449341690578, -0.6208408798691911, -0.9674914875821359, -0.3610995637239492, -0.7384607852462857, -1.109638152656078, -1.4422945704551642, 0.3409782493444302, 0.750616222423227, 0.6516743272106006, 0.6336720477014692, 1.1916678804730074, 0.9207252482271465, -1.1998602155206353, 1.8416625665762392, 1.1300105068738193, -0.4426856931684782, 0.7173505086950293, -0.12409521044681897, -0.2989367961092292, 2.147136846376229, 1.3854495200151402, -0.9329823428430698, -2.464798705364344, 0.6833145632907822, -0.8616700392012472, -1.4219746548362973, -0.4754853779892855, -0.5150714699045253, -2.4722171201544088, -2.087720263008263, -1.2924586361963626, -1.6194004321438753, -0.7226074646557153, -0.06476670798280428, -0.6110386558660071, -0.7909569841540075, -0.33467447966119807, -1.280752820690815, 1.4961993490839884, -0.3864804267819654, -0.4694885224313169, -1.7980279796254188, -1.0076518427029157, -0.7226074646557153, 1.319994148984529, 1.1627922494615721, 1.0470078505797205, 0.3126989108835999, 0.8809165682375967, 0.08572004351143898, -0.17687311312551238, 1.840104285382461, 0.9839951198514295, 0.46367769267131914, 1.4316618130600594, 1.9793351302566349, 0.5989565266142425, -0.17769232131719506, 0.8455832056386953, 1.4610124463084142, 2.0307410902806513, 0.3147576252941578, 0.024772881996080135, 0.8368989664797631, -0.4392990889758035, 0.47206947287018036, 1.410893474641675, 0.8538601415037335, -0.008808508657001902, 0.5653022330176217, 1.3792057657877073, 1.2889388624335198, -0.7058989514731292, 0.8104151772705761, 1.8530661005757063, 0.486670809855471]","['v57', 'v69', 'v10', 'v60', 'v82', 'area2', 'v3', 'v85', 'v52', 'v39', 'v1', 'v2', 'v4', 'v5', 'v6', 'v7', 'v8', 'v9', 'v11', 'v12']","[np.float64(0.1965276933834661), np.float64(0.15655065418046998), np.float64(0.09951895232783826), np.float64(0.09406474874452643), np.float64(0.08334372022350385), np.float64(0.05747883423649216), np.float64(0.039129934397931374), np.float64(0.03569053132514769), np.float64(0.025522741017317104), np.float64(0.0019555709159590406), np.float64(0.0), np.float64(0.0), np.float64(0.0), np.float64(0.0), np.float64(0.0), np.float64(0.0), np.float64(0.0), np.float64(0.0), np.float64(0.0), np.float64(0.0)]",3.023616720742847,3.1752896592174746,3.327771710401975,1.0307188041835762,0.8602404439767835,1.4754882886575242,1.345583919937801,3.2981457239800047,3.747263575490149,3.9033126349477216,1.391394880157442,1.09407668733605,1.837865538269699,1.6517139888639698,0.8430241205492381,0.8594040506298356,0.8915163637961812,0.028003114103947964,0.010139140528301782,0.1777469390614323,0.05135135246971384,3.009840194352874,3.031792704928462,3.149508315537643,0.8789881404057841,0.7593539208325837,1.3600262854607048,1.2497562956934727,1.0826624857514449,1.1584224823254634,1.1301287394938329,0.4764469453707532,0.3502653065181641,0.615064956204183,0.5218020264032116,0.8050766098433674,0.9195614630286217,0.9904043857932219,0.2327973640421613,0.1777212797804763,0.34517613834894045,0.26733803429584824,False
f202_b,f520_a,"['185', '186', '187', '188', '189', '190', '191']","['458', '460', '462', '464', '466', '468', '470', '472']",f202,f520,False,0,lasso_no_out_standard_k20_lda_nc2_sex_on,lasso,lda,,standard,20,2,52,7,8,True,0.9937360882759094,0.0062639107927680016,0.9979768395423889,0.0020231876987963915,0.5238365530967712,0.47616347670555115,-0.3604108569025305,2.5363532859088744,-3.095918563890849,-0.3023648843389031,0.07106829299334626,-0.03993633835065591,"[-0.5947852498611316, -0.24384369836464156, -0.055988103431412015, -1.219731127689791, -0.6037984230170633, 0.1259090248371171, 0.06936157920920892]","[2.429906119877428, 3.6108689799291622, 0.9569673009905209, 3.7656422884516694, 2.4878854614269206, 2.3938365822019203, 2.109366268484499]","[-3.181299382130761, -3.5504870498907097, -2.4236573563055397, -3.0488032406201167, -2.926061164184659, -3.962480171747835, -3.398654387473766, -2.2759057587734053]","[0.34421078034240826, -0.6352338909163786, 0.08458424499876709, -0.03170311072679727, 0.04121166463898478, -0.4233582218818612, -0.22213064236972374, -1.5764998987966234]","[-0.4513023217428986, -1.1529901116069594, -0.10920500338957971, -0.6041172583097534, -1.144343417718638, 0.5313383076345914, 1.051459675474098, 1.030733868618501, 0.3388354306355587, 1.5401964681762486, -0.050145368239252745, -0.2273976454887499, 0.06842679899849945, 1.2853750757330153, 0.5180318519914151, 0.5187561951229628, -0.2105733647539267, 0.460374457661649, 1.7420600092747653, 1.4018217328345797, 1.56633061958786, -1.034352899166334, 0.5914529121298372, 1.2311521254265583, 2.3643916021700777, 0.059840017547178256, 0.7790444078980759, -1.1293038117141225, 0.17072685175260774, -0.4080078196099622, -1.1652929172247415, -0.9453127262409333, -1.4104398003681826, 0.4693245412642077, -0.28682171955919467, -0.48272408742319256, -0.8920150519808011, -1.094453111048922, -0.2048607907188343, -0.07662699886357464, 0.35614092818494614, -0.3817371968286525, -0.05479441141379409, 0.31138038220247105, 0.6101312039859934, -0.6035617059664762, -0.7856469648095583, 0.2626233369854708, -1.8687217200329425, 0.22340333876554036, 0.2947725382414864, 0.8674469465284236, 0.5780475571030991, -0.5522873560224343, 0.4730305230239799, 0.39801694186162373, 0.789227838789531, 0.21272259694822526, 0.9301845035545554, 1.1902082038380666, 0.046889904399987525, 0.3791329176452307, -0.2943919408847003, 1.3175347167904876, 0.4716459605907616, 1.0675608304914916, 0.20312242409885978, -0.706828158744585, 0.17882532533250026, 0.5900067713949707, 0.31087562257583123, -1.5768303287736716, 0.24775263888668086, 0.036072638197908555, 0.509825044009541, -0.6016480963591314, 0.7887163201423936, -1.0630570422657555, -0.8062659365242576, 0.4907137483205097, 0.39216870236477, 0.6911609998065851, -1.441234809326832, -0.04030133422524939, -1.0656265344962121, 0.5876736380379057, -0.7695579710435029, -0.6132286368560119, 0.30303653257592505, -0.053533964934600324, -0.33228441054904406, 0.08959681570912623, -0.29117039141257434, 0.02513265512503203, 0.31261754768271066, 0.529982383021406, 0.3243858486658506, 2.0426239708445593, 0.9446248343248268, 1.0313631985517808, 1.2514864009472817, -0.00048595081286519396, 0.9293285982024653, 0.19325003221097442, 0.9458111728977929, 1.369943204535764, 1.13069498046445, -0.5757611244167017, 1.2862335875184199, 0.33964815166181633, 1.5230912429141097, 2.2708362407999045, -0.3964884975272836, -0.6842593807826985, 0.9032272615046695, 0.06062672115288561, -0.2776207538789043, -0.5682581078073873, 1.7700168970581018, 0.8888455732050536, 0.18050268861867494, 0.1640015485700142, -0.47220646496543656, -1.0721521854470983, 0.12788050334642262, 0.16273966297024042, 0.3209500818698668, -0.027077969725425734, 0.5023814551605164, -0.4674682709833837, -0.10756093427035364, 0.015913087329327377, 1.0147719111007882, 2.537448978286801, 0.5126230502174124, 1.7387224520970352, 1.0177036973550324, -0.44142377190546384, 0.47164767015943276, 0.18166090763212553, 0.282934069378135, -0.09885345975785159, 0.5593853009853094, 0.12006989828271251, 0.6250916952601684, 0.8490591484835558, -0.6204232182751483, 0.6530943525813449, -1.5972762170595396, 0.06413013270517623, -0.5769540805404242, 0.32775949779698305, 0.3997259768470299, 0.5508788350191194, -0.3464211700757593, 1.267354645300494, 0.6187606037421992, -0.9666132054068103, 1.2667153348724796, -0.29138302149958717, -0.4524502845196806, 0.5768785158179346, 0.9856418067129284, 0.44248788018232094, -1.0363488250146398, -0.24807767384742374, -0.6452707537177954, -0.5149596005414583, 0.3959614480218795, 0.7966742475108782, 0.3725272030762574, 2.602646077066707, -0.7410259323965358, 0.04922377999611399, -0.7476016165669824, -0.13931370606440532, -0.23700187610851445, 0.863641396705361, -0.5992594899056232, -0.5858976275258878, -0.6429453717686683, -0.26710855404436207, 1.496864485105534, -1.647089958998682, -0.7140968864862778, 0.1692960879135458, -0.8272345754808329, 0.9926992908880585, 1.5730358092714185, 1.2717875921064752, -0.3874197188188873, 0.10760643788955951, -0.40151234704872074, 0.2907954186139448, 0.9034214417470275, 0.5942317285126211, 2.6180053416723608, -0.5293504751140526, -0.20020408548485616, 0.9011443451104111, -0.2828049444147186, 1.325168758586168, -0.1015726344575888, 0.0819456391533605, 0.8683524833785545, 0.1657392678577978, 1.381465960139288, 0.992961037132561, 0.6238525043484311, 2.137912254896688, 1.1042619387399581, 2.1719823857867806, 1.390304685929251, 1.2281664611929004, 0.8216208958172304, 0.9441831221591164, -0.06861347430265509, -0.12286544320754113, 1.090128841789404, 1.1193862121644829, 1.7058958730473368, 0.1571277516882175, 1.4538646868187093, 1.2102953114252784, 0.8659084402000031, 1.211629653727274, 0.621367508301457, 0.8346793046154128, -1.7281915568283683, -1.7845412650293289, -0.205812612017003, -3.0463128281306417, -1.931388843614468, 0.8615709250625779, -1.9042928051095755, -2.423329217293314, -1.5384414850301469, 0.25767174989772285, -2.053847477607945, -1.2257572818333835, -0.9652903169598909, -1.9652608078929266, -1.619894077647314, -3.452682215319274, -2.176696971159275, -1.3072026521150437, 0.062349593145061714, -1.8185089698029417, -0.8577979112835529, -1.1175090565022074, -1.0381715305467858, -0.44351444272301305, -2.76927828302927, -2.1066941198739286, -2.073602863967464, 0.3284227434092704, -0.016609695980391102, 0.13937505410935022, 1.5920748340218416, -0.8602487157172007, 0.9436703970611118, -0.9475779262956587, -0.9216754710509529, -0.46806087491430043, -0.4927065824747324, -0.37659935899558317, -1.235200775395301, -1.078018079328861, -0.7860725872715646, -0.131181805011263, -0.5939036081154492, -0.6040266920491113, 0.8129657036700461, -0.9240711455326027, 0.8320632431716902, 0.6834942857456215, -0.9842207164878102, -1.6745869537623774, 1.2437216582622037, 0.7655794813822163, 1.060871879578101, 0.44434496002650803, -0.2507176318979212, 0.020542437297328714, 0.9214808435659939, 1.1160540364990403, 0.5050609991410164, 1.1757811540527308, 0.6614711827861645, -0.03467207207062886, 0.6328387572230437, -0.1568543891038118, -0.6595498579205405, 2.102035320533149, -0.43126177682265976, -0.5457543617845813, -0.008642411119444655, 0.08731627048329389, 1.1290685069750066, 0.1488939001481115, 1.0030053643311976, 0.15296281155182453, -0.11508486977000143, -1.0083312768996788, 1.7839798247822445, -1.879993145773049, 2.314944828572393, -0.22310022536301452, 0.6768939810585982, 0.49495886532795774, -0.9112780664394692, -0.4075430017087063, 0.4587773843820037, -1.537530044614595, 0.2894121112081409, -2.25466606849552, -0.2800535598590362, -0.7079741008401288, -1.1737077113068999, -0.532279107805879, 0.07843251082019355, -0.4719844128706889, -0.9369943226820577, -2.475904811641799, -1.198324304807906, -1.0666571153726945, -0.7952849943163515, -2.1795235385001313, -1.1561665161481909, 0.07080426753801895, 1.3793710770351189, 1.1678416622431191, -0.4740540273167871, 1.4944209861425355, 0.2719293421543011, 1.801552240177322, 1.6604974305972966, 0.35106701097260773, 1.4862423017258763, 0.6427761887955772, 0.18081428683167605, 0.6489962616146275, 0.1425348683954588, -0.36367987039618327, 0.8698227860840958, 0.24018979209669872, -0.9843272640267036, -0.15541328209835067, -1.415924514545645, 0.36134639334574536, 0.7363191987705208, 0.18081428683167605, -1.9705461608575099, -0.9878039170423691, 0.051938983536495134, 1.9625404377357922, -2.049505212051601, -0.4825543453337677, 1.0468156603358167, -0.18646008644639037, -2.151596738490192, -0.3410355776158583, 0.8819242307605749, -0.4937010213100236, 0.7748676207839773, 0.5711620853460442, -0.3105400408959125, -0.10888956559188749, 0.2599872910205212, -1.0655718745428342, 0.24508380507372443, -0.15717850569682948, 0.3833580343267428, 0.7317271815741624, -0.3484855278223563, 0.2886787649792465, 1.6777005038155375, 1.0141979479172332, 0.12498804493624706, 0.7749415951321518, 0.6712202489893221, 0.9035755043884871, -0.015308539686325477, 1.2392173697820292]","[-0.1291237469011614, -0.2981329150423063, 0.019065385967185582, 1.3922865720205588, 0.3206835944515341, 2.2492136690690487, 0.613363310541454, 0.8792574640356253, 1.9054355508466245, 0.9426623406351928, 1.601877667434189, 0.6133330692962411, 1.5068486508683954, 1.6180141337699399, 0.08959848799724644, -1.516108657043126, 2.2166312824849532, 3.388933263967718, 0.8088736876847968, -0.3969476111547133, 2.7109507937776356, -0.6886192724600422, 1.4813164464779038, -0.7340170390862591, 1.9055056042486875, -0.3918015311734983, -0.5176596815707708, -0.10803865694129478, -0.34661690717266236, -0.5335237844995983, -1.5606873609608578, 0.8608996152427426, 0.008232630627281743, -1.576545808427341, 0.8574614602966497, 1.2827682285689381, -0.05480813050166885, 0.7420848038806953, 0.5848580510531082, -1.0836953743494004, -0.468060451516825, 1.6959931855795733, 0.3773518178892263, 0.8229379504772257, -0.6403650975324965, -0.657931901445151, -0.32721636899389234, 0.5952978861643909, 0.9910658019318151, -0.26089635497920544, 0.4858170496874774, -0.060148014623909375, 0.7454421644529377, -1.640746363035387, -0.0594939650197109, 0.21905090747883568, 0.4139856998380526, -0.751574187576927, -1.160708848803924, 0.584309640460389, 0.3397974800783699, -1.8070177041838162, -1.3230659859828124, 0.07987959932926711, -0.23708267997174912, -2.631361056274215, -1.5567342476102422, -0.04062445033856107, 1.3535885686701534, 0.239581158987455, 0.7302967607982145, 1.0663194200062418, 0.19676646452791455, -0.8844113661294856, 0.7391584193267541, -0.04327127936756873, -0.32435366697936713, -0.2189258178129411, -1.6847561200420855, -0.24600525765990358, 0.955900317392203, 0.9691435950625842, 0.8502795245078592, 1.0038243811377698, -0.05578039376055847, -0.997904538467389, -0.31288278504484046, 0.9219050896912173, 1.0753531539574286, -1.5604005926563367, 0.35276091891767297, -0.30944812726408444, 0.07111366313156921, 0.311981058265061, 0.7599162645694099, 0.31573789340416447, -1.7249333322924054, -1.2281590885652454, -0.5002131657595007, 0.09070530720657416, -0.394238962962401, -1.0521275411141169, -1.6058534022781523, -0.1256033498564381, 1.1918856074496842, -1.4486738987543715, 1.3874193230148373, 0.3533497906224206, -0.26048922071001906, 0.023659932594737046, -1.582116762318961, 0.6357474643732174, 0.07017871822952856, 1.3126255404986462, -1.770913072640553, -0.09827820813229274, 1.3106479682096654, -0.16001010276201177, -0.46178469268882194, -0.3024256579829227, -1.2085991944381613, -0.621275000511046, 0.25120401757075517, -0.2770817446253507, -0.08500518503359149, -0.02343554129817443, -0.8379688187559304, -0.10064808006129626, 0.1593002295212595, -0.22890568293099256, -1.3381905908074456, -1.7405217605047887, -0.3104574612742883, 1.145708661777781, -0.21206814899131599, -1.590123417363316, -0.39245856861823875, 0.8890244869086305, 0.44275392720730866, -0.506778585918991, 0.6359711820257193, 1.370158602682519, 0.38884418691211603, -0.9311647993090199, 0.6801554722615568, 0.2894508724382041, 0.9620134805990573, 0.9483385797436432, -0.24352272751616258, -0.5803891125426924, 0.08857946633649429, -0.028355655416258098, 0.8151500780387394, -0.3358348649909588, 0.23250843095269927, -0.3123164480937255, 1.3360736070127184, -0.25357651871336584, 0.3415852747521869, -0.3246224183734454, -1.1219787623996427, -0.5971783505654851, -0.2647192346633949, -0.06642298488391142, 1.4494823879356047, 0.538320833349874, 0.5269095690815819, 0.7855029275285361, -0.014267618633479473, -0.48312406853177686, -0.6777068733696089, 0.06891920647894767, 0.7703923598479807, 0.8034381777304129, 0.592977286960138, 0.46873745836729885, 0.09152130002268197, 0.41761157493698164, 0.7226918346526169, 0.8210322515525419, 0.9728356564017739, -0.4885605545270015, 0.3001126066080332, 1.104124698000939, 1.7738328132797654, -0.0689265269286416, 1.7227915851051145, 0.4836121862217728, 0.1654826562938767, 0.39529681354122703, 0.14790933119005858, -0.8182550150705044, 1.1826085800284343, -0.2761122179658063, 0.39735857141378805, 0.22876318954264938, -0.4779292660150479, -0.10327419424368338, -0.9351656879669276, -0.5409125385421769, 0.3966289870207279, -0.0019064170400066927, -1.237161575108646, 0.6698028065429842, -0.4680505499042625, -1.0516641214921894, 0.7786577613489492, 0.12780826280356689, 0.08382278214962488, -0.48305286927194674, -2.4493725500204904, -0.5831024192769874, -1.1708060153633693, 0.2494280168768968, -0.5366352161262511, -0.2897233828069006, 0.7190574554979804, -0.24113873740827652, -0.42602211147321806, 0.2302217281156886, -0.7116823947229497, -1.0989956610325393, -0.6068650186930262, -0.38199641843955096, -0.34772024914058974, 0.24152261670490272, 0.9010612833133834, -0.7120895073597956, -0.5603883226319403, -0.3618804476282412, -0.46165590641012694, 0.052590916583671654, 0.29154392782945243, -1.0806207636368586, -0.28944922244732924, 0.9235958237009677, 0.07255247006509594, 0.5183377153110198, 0.3744349464853422, -0.8869434224179126, -1.3635763255365552, -2.711366106770841, -0.14730785002568253, -0.028108571399754187, -0.8710702913603549, -0.640684864730603, 0.5086252740944708, -0.6600632563581695, -0.9003018558741396, -0.3709475752779618, -0.817488220047033, -1.1954450638150482, -0.4006582879061232, -0.8567918348541065, -0.6655049876481773, -0.6252535507604804, -1.4355296589396003, -1.1369312327725822, -0.16345722834878806, 0.4007373102585017, 0.9570470400654945, -1.8855530892552756, 1.189334649314301, 0.07849614639269853, -0.39644179399951085, -0.6323191805143534, -0.7540579782218787, -1.4852069667229666, -1.2838152665776437, -2.1213294691689586, -0.08061203873920364, -1.2083721974766133, -1.35548182235685, 1.262733071328001, -0.7013381037530113, -0.8733018185746244, -2.6933915422293393, -0.9900119960547584, 1.1590103749286216, 1.026339215200896, 1.5416386757877223, 0.9132712924880675, 1.4532559133648564, -0.7383116470210793, 1.2828163353420217, 0.10905883847334803, -0.6762185133938263, -0.9988937803193005, 0.8246513788847092, 0.9780512765601341, -0.06485449275305975, 0.6316994764307952, -1.4305902358130844, -0.6058785855686097, -0.31898854607268756, -0.8921246389761212, -1.2818941088647977, -0.3494467983230658, 0.5427898607380156, -0.473992683532426, 0.7608114510522755, -0.46719334573132454, -0.5463678376422906, -1.4085490375458973, -0.1681195115866353, 0.14217592436110937, -0.5953190619058064, -0.31159954436337794, -0.8821330548092249, -0.4809475176118976, -1.4290289554244664, -1.7691942896178396, -2.230886305778961, -0.7166515428405469, -0.12344730115330212, -0.25789120526861126, -1.4693400203219806, -0.7905066802048368, -0.5996818471116424, -1.1926745677307047, 0.18226541129985846, 0.3279443441662442, -0.2302706699691734, 0.1770886459376246, 0.6638994142215986, -1.3465831238956083, 0.6346040400006168, 1.462907361760867, 0.2619069811257008, 0.9132061544846851, -2.234444759074381, 0.5507995358528268, -1.5996632330195597, -2.1945093259208885, 0.7538656504135289, -1.4013885990474089, -1.3973867312124242, -2.075696336863027, 0.9740278705102832, -0.7705927956497592, -2.4456105968739332, 0.3204818241541495, -0.6706572802502523, -0.7460282496692294, 0.274574211784489, -0.5719067636360617, 1.2510241223261809, -0.915679961649522, -1.0606723824341955, -2.140282783691174, -1.7399896299553264, -2.4456105968739332, 0.2995273843130783, 1.4196036792450284, 1.5507604473829417, 0.5051706822807059, 0.5930591926454014, 0.6777712601711284, -0.9662262312609109, 1.6152240196614525, 0.3497080482119006, 1.701489949372703, 1.2041241266079572, 1.7756200665636017, 0.5062853901126686, 1.0351210477386812, 0.11944731637117229, 2.1438136029300217, 2.5085210423826383, 0.5260799817335813, 1.2798012721733205, -0.17742043833797028, -0.17218903398324498, 1.6202790057271605, 1.6153929637702917, 1.3171040727407397, 1.5764909537691996, 0.5508766145070387, 0.7595161236139902, 0.3750984633913351, 0.4032164381343259, 0.44296859422881507, 2.3937038703300253, -0.6982264901449073]","['v103', 'v99', 'v42', 'v58', 'v36', 'v11', 'v5', 'v77', 'v90', 'v60', 'v88', 'v24', 'v9', 'v62', 'v1', 'v2', 'v3', 'v4', 'v6', 'v7']","[np.float64(0.3104635111658986), np.float64(0.10295210947135058), np.float64(0.08912681676504851), np.float64(0.06942715107393606), np.float64(0.04920896547146525), np.float64(0.03684850698606121), np.float64(0.030369209448056413), np.float64(0.02273644322108767), np.float64(0.022568801282912394), np.float64(0.020213540942838674), np.float64(0.01836003203804341), np.float64(0.015531080986076017), np.float64(0.009060700582835037), np.float64(0.00898974950754565), np.float64(0.0), np.float64(0.0), np.float64(0.0), np.float64(0.0), np.float64(0.0), np.float64(0.0)]",3.9422485037206085,4.076179133640664,4.119941993169958,1.3303418275090695,1.2719610581432264,1.0190038853265417,0.9573361489619269,5.5742258772360955,5.5742258772360955,5.552562013319649,1.661439702186739,1.5867851209290005,1.3435231355314012,1.2912916798990657,0.9562178146256832,0.9804268340108411,0.9409941160961829,0.02075993667252719,0.014863390677656185,0.04802767403594932,0.00861171462996213,2.8387181702477777,3.371468940323151,3.3631883353087373,1.2298001782100652,1.217032397727242,0.8984189342580581,0.7694114077211476,1.7914487810483062,1.748684220599872,1.7599845206372047,0.9805160211738292,1.0823359727029163,0.9311718052936938,1.0263532603337517,0.9795983372543786,1.0311706004210162,0.9695533783831111,0.30107799605168417,0.24477730190886238,0.19335159616187608,0.17940636903638418,False
f202_b,f520_b,"['185', '186', '187', '188', '189', '190', '191']","['459', '461', '463', '465', '467', '469', '471']",f202,f520,False,0,lasso_no_out_standard_k20_lda_nc2_sex_on,lasso,lda,,standard,20,2,53,7,7,True,0.9937360882759094,0.0062639107927680016,0.9990485906600952,0.0009514490957371891,0.5238365530967712,0.47616347670555115,1.372195619614835,2.1888922740206485,-3.0821724732118674,0.942831086753953,0.031171453060362675,-0.057088707097453784,"[0.987614314348671, 1.8668677004469159, -0.2750943454463964, 1.3709526343573466, 1.778886517020937, 1.2751681301057223, 2.6009743864706483]","[2.688554423288121, 2.4695183078746017, 0.8405409015685164, 3.625111191455065, 2.5700845181743843, 2.016466126283961, 1.1119704494998912]","[-3.084479575892888, -3.461868463183674, -2.5466572416525484, -2.5991560721338476, -2.6509799386646278, -3.109936767796477, -4.1221292531590095]","[1.8266872611424805, 1.0567970319206275, 0.956627370871892, 1.198566390439984, 2.077099473858396, -0.33842763193483366, -0.17753228902087564]","[0.060869408430097326, -1.0979348825126911, -0.05799684475398106, 0.7838727184791976, -0.8327244453415293, 0.7420945569261037, 0.9529306614802995, 0.3693990384803888, 1.5141449081743867, 1.0057334837997864, -0.20661154951697117, 0.9663276289095449, 0.9784239738427178, 1.229745973933404, 0.24401283664846293, -0.043666654456354946, 0.2727878808990285, 2.3219304623269803, 1.0745498407624532, 1.1581354043115482, 1.6104234770789612, -0.3792745228075406, -0.17126247574233153, 0.5696132424076409, 3.9485311607585176, -0.5310244666582025, 0.5049504775330018, -0.5689750819958217, 0.08894217611970914, -0.21993021636328397, -1.7110682030302717, -0.573646893722305, -1.7409629716967014, -0.043246728506070885, 0.3948496904369862, 1.2821318807731503, -0.3998191255823265, 0.036461807122541844, 0.07463110335296709, -1.205822104870174, -0.5523519411353107, 1.047881388356231, 1.1787516890458332, 0.6665691989134864, -0.6531957864136183, -0.9345225917917018, -0.3257956167710416, -0.2996285182919531, -0.6927713197653008, -0.7526015888939546, -0.21888025460847008, -0.4130081673909841, 0.4946921239976856, -1.8814478463851976, 0.3712311615886751, -0.7246854532857295, 0.4200326433110829, 0.0797548740208772, -0.19375450627084922, 1.997833184081448, 0.3833883132915489, -1.6787214148663083, -2.2738083664882214, 0.9564365940604107, 1.6747441397220098, -0.26340185275391303, 0.868548340371251, 0.6297650744036613, 1.3372106023972752, 1.7208212679946577, 0.6152946341376234, 0.1414313679310422, 0.6088680552328043, 0.09348891147908132, 0.856299473694018, -1.6452852499842041, 0.10000242524452457, -0.5554358637866681, -2.197104905826066, 0.22751412539048335, 1.4096596515945914, 0.7078895334855779, -0.07728683003611496, -0.096010922562665, -1.0149628028239015, -0.41238527069970926, -1.669880744372833, -1.0178821262252944, -0.12494092071179337, -0.5577217623856436, -0.17468829032360572, 0.31413193994080363, 0.2505787075149908, -0.016709324429415973, -0.3855414085555825, -0.24645768397545315, -1.377827972955048, -0.24589040173822163, 0.3151937045300676, 0.7624481516615357, 0.13311533413333848, -0.14776718886548768, 0.6414078351317036, 0.39763928527829995, 1.0274374348532147, 0.9322514492892625, 2.1318765619877618, -0.5000998029785514, -0.13793876826414744, -0.023431751959490515, 0.693590796690057, 1.1343494901098559, -0.5140295250642634, 1.2383787966989972, -0.74896884070022, -0.18500239661538287, -0.6159300226895191, 0.30368632662161715, 0.3559464767252355, 1.3396922351583433, 0.3647268576264033, 0.8695777199213681, 0.27900845673818014, -1.0857889104107104, -0.7655958859457784, 0.808550453413401, 0.1902781593628691, 0.47138061467599135, 0.5900542659429162, 0.11793307186586932, -1.8238465016566694, -1.0761165029542101, -0.3435572210334492, 2.875814648777032, -0.9920178916920107, 1.0168586888010622, -0.7230760468551669, -0.6329302067484718, 0.17014511439589491, -0.5142692779522678, 0.033471980402917656, 1.2103786666211391, 1.1722726453493495, -0.3229592633614779, 0.14426430663790724, 1.8027397738054634, 0.07441593476720818, 0.8591249415258125, -0.6364256152545588, 0.051248446041886345, -0.6004729442822176, -0.570595011324553, 0.8244551219212423, -0.3224760191161111, 0.5565053286912278, 0.3840975905343003, 0.1572334041574062, -0.8943593253656752, 0.009246106166499074, -1.1641779879200496, -2.4799295916093054, -1.5766470054048825, 0.7139336475170907, 0.810111384416209, -0.3068982867575954, -1.2429293653087066, -0.8389682257128315, -0.4018992111452981, -1.3697303109118537, 0.7013921808998599, 0.40393343752895317, 1.7570173828101148, 0.2473615807877114, 0.4126750519767824, -0.25434704877076464, 0.025765149559241068, 0.5473971194306438, 0.30445610037804766, 0.5832269420858774, 1.3083070346806942, 1.2617134693423664, -0.34262379395015885, 0.39538125834036963, 0.45200075717585503, 0.3699650028082408, 0.9360355209988364, 0.5376160699510394, 0.6586185228337635, 1.1819875363835688, 1.0331722753394412, 0.7147626530426351, 0.06623018358055614, 0.48609445626862713, 0.2919525158007323, 1.2420440765865368, 0.8775970468203497, 1.9021525702286335, -0.6884703024138807, -0.5103947192679766, -0.13746821095466996, 1.0089911720819293, 0.7625173965804145, -0.25397640226392293, 0.8099545895798003, 0.28360271518474384, -0.16240916669866662, 1.2727725120161335, 0.539981641996786, -0.4818824629160193, 1.3470179988978614, -1.071752435839315, 0.369608891079464, -0.35721903881648875, -0.29161882314507426, -0.4879515826568731, 0.3434886040111951, 1.1949849523893366, 0.6342156517098801, 0.6718376242306736, 0.304983096514113, 0.7477162974474945, 0.24982670188895503, -0.18243151384534237, 1.1974499759325805, 0.08875007673050316, 0.6426667536675909, 0.6909959607277109, 0.31518973664959943, -1.099759365876529, -1.084540442678657, -0.5026335259647798, -1.4577206607459408, -1.0589642855341048, -0.8099570158970604, -1.7732266640375063, -0.7250606570309417, -1.2033371741863614, 1.3281318228304801, -0.6326749966112074, -0.019879358212158978, -1.0223964699646666, -3.4493211768361647, -0.33146125410252847, -2.162094546737371, -0.8517056302304996, -1.4900101262434036, 0.5809063262768785, -1.1038200362571349, -1.2647241927913613, -1.6210931591090312, -0.5136059754044261, -0.16594157140763055, -1.0371670233829244, -2.1837082730723036, -1.4401533884562763, -1.2366295358857444, -1.6991812800141421, -0.9399337695258435, 0.9836970325234354, 1.4272126917852326, 0.9724528295553053, 0.05501122216475042, 0.07446679756109906, -1.1043370677424065, -1.056691035865943, 1.186598553176109, -0.5049889478346039, -0.5822840321026798, 0.04061813993887395, -1.145988735995328, -1.100109318233898, -2.1899007476170187, 0.460721036320678, 1.564021163010903, -0.31192671860101007, -1.5543445596481071, -0.6525911924816378, -1.7168419150387573, -0.0937303245826475, 1.1211892856146188, 2.3907161858193318, 0.5378933341712783, 1.8651454806321301, -0.40081888809498845, 1.544120804822919, 0.22961222101467368, -0.6140402216091672, -0.4738125616835497, 0.9492333953346649, 0.7866211498254871, 0.23759775021193977, 0.24316938748244263, -0.6608510620432079, 0.915782275099645, 1.0171559743940857, 1.2206471065580298, -0.20044979588209727, 0.05633709219575939, -0.3025943120951568, -0.7113267129785374, 0.009556725748339068, -0.20578701737099128, 0.0472219065968616, 0.13505966435721237, 1.5737026664930476, -0.8442334433770755, 1.9175750167862757, 0.21375739028671106, 0.5349235445657358, -0.14495095871288302, -0.21559113150192563, 0.1705626206395638, -1.2746084179120445, -1.273235349080961, -0.8719524733049917, -1.4682351696314397, -1.018169691560421, 0.21852479854113344, -0.9987068512819481, -0.5367250366219635, -1.1191394616195967, -0.32319626704783605, -0.5510534455024761, -1.43697323626815, 0.8198567569156283, -0.6664327424957498, -0.1934074554835187, -0.7416355976888243, -0.6289565761296444, -0.18204523683220758, -1.6146014122790164, 2.047666385417291, -2.4935627792519117, -0.3908744496505878, -0.3020843842393283, 0.33889524923384534, 1.2990661679883524, -1.194538103097864, 1.3086412330254382, -0.31536924961967744, -0.6041984659398479, 0.6215241106931392, 0.2588133698860791, 0.7035667513387162, 1.049131478866144, -0.29805826163855303, -1.1111740673122048, 0.18628216712202308, -1.0846628019328493, -0.13704682716026648, -0.3815920876794321, -0.6041984659398479, -1.8543430231870208, -0.6205198307121292, 0.1362920476635465, 2.244782719769086, -0.6402378315459658, -1.4668113841045751, -0.10185554682552037, 0.09590089850618243, -0.8977365197642926, 1.7749849287748538, 0.5668000797886169, 1.1563369612630217, -0.4564233245054543, 0.5973549684354175, -2.3662019020264324, 1.9696546220766675, 2.5082834826601976, -0.21908522912772405, 0.8818693849079857, -0.686479396320869, -0.19439226043766022, 0.29075757585767126, 0.037817441274500936, 0.6494787476422513, 2.47305343848215, 0.04923112501998393, -0.11029135455860913, 1.4528564432307367, -0.1672230216368197, 2.308599923554425, 1.2457436535890372, 0.3149523294768621]","[0.7678110475145158, -1.0120962969642393, 0.4479243003150198, -1.0199234543654925, 0.021444008030103892, 1.602426560391023, 0.20920460271791524, 0.0031692624397373307, 0.00985036574408882, 0.5386121725341213, 0.6855897963260145, -0.7893119852006936, 0.9958295448802722, -0.584607704222459, -0.22777313942531252, 0.34644073520467705, 1.1663870852948757, 1.3063126184878175, -1.906538940217512, -0.9388731903513625, 0.5532658660102656, -1.2387853812213512, 1.7318297064927974, -1.4455034220587264, 1.1188936145103505, 0.2184689230829031, 0.45759442156764935, -0.19330778628540418, 0.10120861475402189, -0.3903037744707689, 0.9886023703171283, 0.8490899100125351, 1.0573439832379292, -1.1911959434040664, 0.5009915516606298, 0.8218424607476135, 0.24934830004109318, 1.35180405452797, 1.3351175940935132, -0.9665318516232009, 0.59552102947224, 0.9107354153867739, 1.3062501524657122, 2.157649633594727, -0.2639397460857609, 0.06081935172805913, 1.0922832587140852, 0.7832793454214133, 0.39928398902242357, 0.8378831799961494, -0.03452193404011193, 0.2718819666466113, -0.06339256978017697, -0.5737833311472228, -0.4900075724868319, 0.7948036086314647, -0.6303980318766185, -1.0581950217303286, -1.3734093954090805, 0.2481190106363959, 0.07539093876289381, -1.3993507985363964, 0.5989141505618857, 0.030036240427553696, -1.5192815983270436, -1.8238991723979074, -2.267673373275664, -0.7900254440409047, 0.16564944630109968, -0.15370122824952245, 0.510041952485897, 1.087141186337956, -0.29631600440732897, -0.31062920876339606, -1.060982116249217, 0.22862590002669705, 0.1858130191456503, -0.050027618964546064, -0.4629864857341496, 0.2918684810755865, 1.2225088175779932, 0.24937354461286582, 1.4052348826834544, 0.8864195122253523, 0.14159672277955904, 0.038971235386537094, -0.10068710706764179, 0.8724460801205898, 1.0518929555737, -0.26759935365872656, 0.6865241111733451, -1.1376753891462899, -0.6170420893638089, 0.9878147179009775, 1.5962010998068648, 0.2877270032005233, -1.1780437762352893, -0.6561369222102141, -1.497649986335349, -1.5884507591191739, -0.41251998091366104, -1.1655018767404086, -2.0136382439605796, -0.5862576969042052, -0.08146993613619553, -2.8676235918834667, 2.511423388348201, 0.2489193695877693, -1.045519147602747, -1.4820295807777029, -1.0101174392115646, -0.6061970608936753, -0.9731796851372531, -0.692335539015547, -0.4296552041018209, -0.19132990697359828, -0.04676271238004919, -1.4729546974044558, -0.4210495216693871, -1.3947642324668141, -1.977015737677106, -2.0229421531541445, -1.3390636043144273, -1.3170189148549332, 0.11038539072383496, 0.42974127079495267, -0.06230282536533102, -0.27321879652571773, -0.22907127794963617, -0.04014262096985151, -0.7802690325625135, 0.22175959448857366, 0.19407637330525584, 0.13492588886444443, 0.38108666612701225, 0.517124819980339, -0.4425304473349577, -0.08051215789110246, -1.0156270550507136, -0.9303410101714251, 0.5833734259649777, 0.22917992670167067, -0.2915822902654427, 1.9808218500252266, 0.4136717899269432, 1.2616610323716113, 0.4615692877371792, 0.5015229262224753, -0.03651395727529357, -0.4224002316986439, 0.46904732010637695, 1.3580641595205385, -0.5486771585254882, 0.8874185165644519, 0.6824457911250176, 0.855482505305892, 1.1837038734484862, -0.3883446425479529, -0.6881787481431489, 2.257106185881078, -0.11090038688782419, 0.11107104266582053, 0.33043275267752187, -0.9509344001268356, 0.9035915621799697, 2.226471456227459, 0.6398048902018986, 1.9740340493370696, 0.0031244874211909406, -0.6448580117894245, 0.6453446923658396, -0.16401618088642095, 1.5127276154623435, 0.4342380521663566, -0.05478869180111391, 0.4040315800485115, -0.07630196514246505, 0.7592759601930689, 0.9712777644175903, 2.0352604185519247, 1.4121991050330376, 0.06853455041317344, -0.6035134946806453, 0.7064744427825859, 0.6607168335798503, -0.4601743643423758, 1.157881971093162, 1.2598102068565646, -0.3842339732309333, 0.12454025899212366, -1.073700342421814, -0.48193132597388305, 0.49760524719158195, 1.4815494938747744, 0.7888279420633881, 0.5435556220962228, -1.1135197177427019, -0.1405458561085115, -0.6285565289998026, -0.6447794519015995, 0.9458342751462161, 0.03907086727574911, -0.6606025713025754, -2.2602083592009814, -0.6614555873694249, 0.5822884260875253, 0.5165401892272147, 0.1805220326197952, -0.7873061636561699, -1.8170792465521601, -1.3155195023589175, -1.1713844493595265, -0.1818783078565654, -0.6253488292697128, -1.4129774243067046, -1.346018446635474, 0.1186419575983977, -1.4084633005739342, -0.5370113778374174, -0.5638827427232579, -1.9272634286245032, -1.3472513547613896, -0.8960137895037787, -0.4960417089615523, -0.3101625070024767, -0.3510731439697146, -0.02805049716166201, -1.143212765878311, 0.8722898772770873, 0.3824199666094304, -0.7863359248383524, 0.2530926054175189, 1.1361997695982755, -0.20540036004972018, 1.0645091950219976, 1.1759395559111003, 0.2503854287094546, -0.25893540923184727, 0.6532666131523576, 0.08604864841781855, 0.15232878020856536, -0.2518792563386529, 0.27441314211708806, 0.9625490835733476, -0.5815438142474054, 0.4504495174312309, -1.0318130202459217, 0.07115904956231194, 0.5557158152553582, 0.5109618097003022, 0.039219152653108234, -0.6512646489572066, 0.28559725658165586, -0.03920663783246656, 0.7519445581718698, -0.5063342858787192, 0.33801656536109026, -0.5887938080478655, -1.8584862905017034, -0.5540144551075105, 0.43588303427185554, -2.3513805838105255, -1.232640064253616, 0.6864753687606354, -1.2328690491506313, -0.62086365343591, -1.751146728566895, -1.4713058361065083, -1.8715213270890179, -1.6373666272356704, 0.052412909606362905, -0.8195078248382122, -0.9626446353247585, -0.03916851238342383, -0.6691792926496748, 0.5893745747148845, -1.570675262788121, -0.4067051200384542, 0.789309763111923, -0.5079401183534223, 1.828705572452001, 0.09190562632394199, 1.0933726491507223, 0.5625576710722652, 0.8302296188497974, 1.101031144910363, 0.5791492155503515, 0.11967453006068154, 0.8809357932291794, 1.2505638264977792, 1.08749061934564, 0.7511353229641025, -0.23031307445605156, -0.4050076164166063, -0.5576847433994842, -0.8420335448889079, -1.753091902466609, -0.21083672405765067, 0.29464523390656316, 0.40809646738028316, 0.5404411002762517, 0.4544199895615023, -1.1239098986637326, -1.2702956491366562, -1.5428546679693829, -0.5304347115316751, -0.5528082775659509, -0.5538927384258584, -1.5582056637768074, -0.6894643868303952, -2.6314691735799194, -0.5407525601010347, -1.0524122321420517, 0.3260046418159795, 0.5076384183991929, 0.09969920881368396, 0.06454944515123227, -0.33184173192218086, 0.7130887724187458, -0.4877134506552051, -0.7969469292246609, 0.9726345689337698, 0.7583919205146328, -0.18612287424741566, 1.1515080576420886, -0.6195463782004796, 0.4273606147946319, 2.09096394466816, 1.274505369293542, 1.2451262748516505, -1.1400569457611363, -2.203745148010248, -0.1894060607452201, -3.3683958120965354, -0.7366598725455606, -1.7173873608215515, -3.3085995980854284, -2.2290878983281424, 0.7955053803084565, -0.1955476535857859, -1.9141599280171182, 0.503189177200921, -0.2986686311256992, -0.757349908960896, -1.4356327346498234, -1.16306071260748, 1.0413625330324026, 0.24457959169794868, -1.33250810787928, -0.46433009003234277, -0.884200050229923, -1.9141599280171182, 0.48559312888101774, 0.7502353755967132, -0.2835073318044873, -0.6889002930537874, 0.34054653122101197, 0.356589920930783, -0.6474426846258403, 0.6624084678249919, 0.011339644634951235, -0.7787922669692758, 0.883974943413532, 2.125635909133006, 0.18183064945081512, 0.44100587468023783, 1.9380815944610326, 1.9129377120211106, 1.1951835290291757, 0.5036532804583095, 1.0841412560857475, 0.49126231810067794, 0.40370301333787434, 1.9702967813485248, 0.33105244687597346, 0.6964898481898222, 0.6552128081285741, 1.7111965545503112, 1.6784469901593244, -0.6449311250242021, 0.09782233532273904, 0.7567664264683682, 0.21001211101765221, -0.7595343910588549]","['v62', 'v109', 'v84', 'v58', 'v9', 'v88', 'v74', 'v63', 'v90', 'v59', 'v1', 'v2', 'v3', 'v4', 'v5', 'v6', 'v7', 'v8', 'v10', 'v11']","[np.float64(0.20486827842655617), np.float64(0.179216286096545), np.float64(0.11559544045283364), np.float64(0.10550548832280722), np.float64(0.07952324110035373), np.float64(0.061643397943820295), np.float64(0.029795839502519066), np.float64(0.02023241989135006), np.float64(0.011618664970659307), np.float64(0.006332551190539525), np.float64(0.0), np.float64(0.0), np.float64(0.0), np.float64(0.0), np.float64(0.0), np.float64(0.0), np.float64(0.0), np.float64(0.0), np.float64(0.0), np.float64(0.0)]",4.625371724392006,4.764367038166426,4.740092092072097,1.6493519461064519,1.6049531640323502,1.380395346263797,1.3032871027601132,5.700429280093398,5.893904714579375,5.749560716889185,2.1858027203799404,2.091654544398443,1.7531197221928931,1.7471563592426582,1.2600735606227667,1.1598741938867716,1.1724950784026507,0.1815566213025007,0.13192513757014013,0.07991353567073986,0.057020154330767125,4.454368092826702,4.454368092826702,4.449482777532345,1.422245065401548,1.3575478583747105,1.2453559470333697,1.1204721029865041,1.3978835432509258,1.457815132018829,1.3639281432513128,0.7134605095984028,0.5433546893279828,0.6909613005690056,0.4582230606276645,1.1773610565918138,1.3910536718724058,1.1439268269886007,0.3624227670323642,0.25985446304293447,0.22066646651385993,0.1980362803072817,False
m239,f520_a,"['433', '434', '435', '436', '437', '438', '439', '440', '441']","['458', '460', '462', '464', '466', '468', '470', '472']",m239,f520,False,0,lasso_no_out_standard_k20_lda_nc2_sex_on,lasso,lda,,standard,20,2,56,8,9,True,0.0005660388269461691,0.9994339346885681,0.9979768395423889,0.0020231876987963915,0.5238365530967712,0.47616347670555115,-4.186471587287807,0.21466556503935424,-0.2938848021264358,-2.602687337763384,0.10424302787135946,0.049191428689460644,"[-3.141811250546825, -3.4108700304934767, -5.361067348289108, -2.619030856090339, -3.0176688127917957, -4.082935621098045, -6.5546119306466375, -3.830163440079028, -5.660084995555005]","[-0.4181935254726996, 0.7903051581974405, -0.01820152971318321, 1.1263241480645652, 0.7521662556190544, -0.20285855472504954, 0.1938879554133523, 0.13937702232205496, -0.43081684435134654]","[-0.6741617717719599, -0.37739959353784036, -1.1842139682035178, 0.6619714495071614, 0.8396162507266309, -0.6546667758694104, -0.736828083752651, -0.22539592410989964]","[-3.447875839478533, -4.00343436078915, -0.7348379019043715, -2.495451336502683, -2.204278920687792, -2.5410062939899305, -3.005532933241378, -2.389081115513231]","[0.05128711900822175, -0.23555736353389287, 0.04840627284953218, 0.7162564948812421, 0.837100647567421, 0.9940879041053697, -0.3100479182157321, 0.750155406299968, 0.9524805751052992, 0.935765540461024, 2.1423553875590695, 0.33867047139082357, 0.8425687376256211, 2.1796988168981777, 0.6521004603384375, 0.32290137201769037, 0.138640035760371, 1.480491710324384, -0.011148718845264416, 0.29008911248812513, 2.0804988216973603, -1.072355671987455, -0.41495154104580667, 0.7412308981558245, 0.2889442321224611, 0.01848255619716558, 0.12256807215999907, -0.9874982617812081, 0.17071242188693353, 0.16164719564660843, -0.5983367715637308, 0.6738613609868497, 0.9024318819033402, 0.7112415581910755, 0.8152053609134375, 0.4998671198275509, -0.6669485036536071, 0.30654184773784016, -0.009390161993291065, 0.5773438461091109, -0.10609852191385391, 1.1927500488143592, 0.8109420421721015, 0.8454083519536553, 0.17782523397620031, 0.7850931964662086, -0.8965776478007161, 1.4695682471564806, -0.26084531485898854, 0.5529301658046141, 0.7011250975381426, 0.5079480761451204, 1.9892135526872718, -0.8317209336867325, 0.80068251605652, -0.44982220946770485, 0.5338777653666359, 0.9945481669842604, 0.17238345986302672, 2.7094981237714015, -0.13084895467968058, -0.23232801420099286, -0.12028295770645431, -0.49161781702247037, -1.12659281849315, 0.6842609533214461, 0.4291977298814187, -0.9483334303806596, 2.0155991200688, 0.11371917971251846, 1.3420585954557664, 1.1729965068523012, 1.7426609546501906, 0.5072428809320718, 1.088346380577268, 1.1238949349193141, 1.302614731292463, 0.5661032844437095, -0.09813041681363283, 0.1488872931279845, 1.1177476861323379, 0.8956895182412153, 0.5027900011808765, 0.9156887609169547, -0.22316431072575746, 1.1063568741619927, 0.07268568775385902, 0.1830747367413808, 0.521226331753917, 0.40598547449503075, 0.7560869402369328, 0.7382676418329541, 0.8621531896182534, 0.578864887917738, 1.084001075221659, 1.011197281362244, -0.4633622442300086, -0.793337235544494, -1.7769214168617193, 1.278698638371311, 0.5130966619607684, -1.2171705276486748, -0.7470192113989766, -1.27688362311079, 0.502458726295621, -2.158465573126654, 1.1214778378794783, 0.47487158965792026, 0.5335828311725226, -1.0114618025720445, 2.097773749112035, -1.5598073997815194, 0.6772396640151099, -0.8989782651486629, -1.0414727492014166, 0.9785392799963112, 0.7086675568291501, -0.7134232083479619, 0.8022011578310057, -1.4717295278685412, -1.5001780141309424, -1.6801501784679427, -0.8199604764262023, -1.4314045671507962, 0.8846771714188713, -1.2694449068008995, -1.2151214459484836, -0.7036313125903172, 1.0206730569359275, -0.3038977676159974, 0.14234906040498443, -0.7485964455771872, -0.3052107150021774, -1.9327181135823008, -1.6888140831943974, -1.6700616218510211, -0.7701569136641568, -0.40391978536912587, 0.07655282265234231, 0.27195185061113686, 0.24231230450470112, 0.6129952683510324, 1.9325609871876759, -1.0665325113132316, 0.6729781396372303, 1.5807334275878038, -0.7892398921749858, -0.05638650404952059, 0.22998593025108888, 2.084949752694606, 0.13007111841442504, -0.27233870036352664, -0.2957397183992818, -0.7337408487129534, 0.1453879328274484, -0.024400722782000617, 0.005215298517978464, 0.43474869378180714, 0.6237352918452205, -0.365312140840953, -0.40193145685736265, 0.4096847981857802, -0.16327667950640282, 0.3029093609700715, 0.8465709323036196, 0.031546346019585336, -0.598993254528892, 0.2399775107829521, 0.5508008611279158, -0.06046668728112832, 0.6412399528608933, 0.5133406134461195, 0.7546171291225247, 0.2509536142935919, 1.1975513547723067, 0.5167123304890316, 0.6282439249774073, 0.6859107232219421, -0.28964459282763094, 0.2561738612656295, -0.024703115050383397, 0.10598446791831354, 0.29342010024612, 0.022176866169110878, 1.3259603789194896, 0.9912718687875284, -0.06690657281258959, -0.05534761327046944, 0.5419669648315129, 0.6804802158303136, 0.22491473011372912, -0.16111389646476074, -0.429718183436254, -0.3094214472875932, -0.4040057881982483, 0.9171307608765331, 1.2646483983525936, -0.873807902665524, -0.6487642573068549, -0.33429847136824886, -0.5384231144908455, 0.1839880594315116, 0.6732364312656146, 0.9159328699556055, 0.5163798283579756, -0.22782835891502262, 0.457017693681879, -0.9456951075347293, 0.18350291361191232, 1.4082245946607916, -1.535556917693973, -0.36558574812914196, -2.3948218750236805, -0.6807664035717936, -0.4379989797539837, -0.360072302957702, -1.3590624171784467, 0.27914678775694446, 0.2325874822204495, 0.11851155504462481, -0.3923864414956265, -0.0019868832362808357, 1.3875473037841553, -0.4092339614084607, -0.6117303511950206, -0.02321876369129381, -1.828714687446018, 0.6863254773465952, -1.23552535547629, -1.1461801375750469, -0.739512327901344, 0.15184241430451767, 0.08036271209047063, 0.5803728313717679, 0.017157548036294237, 0.367581895696699, 0.18078852710156088, -0.4181133061080341, -0.854147453241785, 1.2319971268320975, -1.6695650409084248, -0.3100373340435637, -0.6329100125374435, -0.4910719487447838, -0.9083318944689683, -0.38929921738764284, 0.29524089431173073, 0.29862207107040706, -1.1585675910475344, -0.2582602052429544, -0.23072988150341553, -0.14296466078496567, -1.8784403366526103, -0.6034493108457347, -1.0245010734039528, 0.8050187482223744, 0.6488832856732484, -0.5815302768806468, -2.861131919872619, -2.790805755584056, 0.08170522605460527, -1.48899774872179, -0.25022170290046775, -1.1404796913427548, -0.862439438387552, -3.5136369930943556, -1.3594635698585067, 0.048054482405347, -1.9831685487582629, -0.1883036119830487, 0.6680828265031848, 0.10797011822783989, 0.3492124690946796, -1.6321005485693454, 0.8143125614386904, 0.20937895427145758, 1.6868678080321546, 1.456448332304543, 0.6805990298372709, -0.37476340626658367, 0.8572154251077184, 0.7423186788910592, -0.6788323415603366, -0.2063758180717252, 0.7984848492899019, 1.001505878746511, 0.7611093206881455, 0.26526503356565834, -0.5618877048149346, -0.1686730952562776, -1.1602611472607978, 0.5570100360966521, -0.42340988938803803, -2.068675943671765, -0.9670425713531436, 0.5689213968047868, 0.6847023313706992, 0.2930399050487996, -0.9762370479342746, 0.07888500689172234, 2.613540273019592, 0.056498104953373304, 0.32764830952097107, -0.5921903105181308, 0.38778184581131936, -0.6226544414161217, 0.3305898264455261, 1.472989556447796, 0.7091759219791178, 0.14406338271230595, -0.050044091825084326, 0.07629639688846608, 0.30323822655464827, 0.5666610894819606, 1.5588920867775606, -0.30019246413545186, -0.2083553927826158, 0.6547828112068984, -0.19177666377522162, -0.39107715290671013, 0.9684905248023389, -0.3263670273016165, 0.7564160037757589, 0.875586770128766, 0.21709443227014794, 0.33619933049767375, 0.8354840163905001, -0.05796124606289573, -0.9407659311240892, 1.5196679450061084, -0.2994169812889498, -3.6753053919790792, -4.081953846526821, -0.8067446618500123, 0.5843839403865551, -1.707146340078435, -0.9016944878911748, -2.3713344643121674, -0.716987847439832, -1.7816146114863107, 0.35928837485208853, 0.7859900850759726, 0.887570744750605, -0.5315544210261437, 1.0510441214401807, 2.7833985922625244, -0.19505803723516277, -0.43405883632580955, -1.3828866860152684, 0.15501863942625327, -0.1547341832992594, 0.35928837485208853, 0.08216881572249078, 0.8746654941866698, 1.557581285836927, 1.6342986331263458, 0.24805617537739283, 0.5966697988157279, 0.8436024551088904, 1.9001610664943576, -0.8937381486106734, 2.2922043286129763, 2.5148194807687005, 0.02755883485211026, 1.001879232593825, 2.2933671334973784, -0.839742910553775, 1.0756282465308662, 0.5388836783500589, 0.4076060455128142, 1.1846874462894763, 0.6519917950716191, -0.016048440532708354, 1.26364813866858, 0.5497861755807981, 0.9053383077953553, 1.6548017295213535, 0.5659829965005638, 0.5155089349729274, 0.20723897123096213, 0.9238002711176516, 0.2609756994810384, -0.31615072104053515, 0.8691455609121934]","[-1.696134812557138, -0.7767385346360356, -1.0532141579111394, 1.0659301651859798, -0.810793293523556, -0.09390206962801241, 1.4162526710184677, 1.0913720275632393, 0.5222918267575475, 0.8541493855208332, 1.032670773505557, 0.6546310785013099, 0.17706583103692708, 1.4752700734792796, 0.3733461676016409, 0.24624816677076283, 0.06427263587496118, 0.02220706305893093, 1.4258496183098124, 1.038883090206741, 0.17003687435243287, 0.557640754524697, 0.5138907505085512, 0.9366873655297446, 1.920882066678803, -0.5602031796947802, -0.3868047108474505, -1.5315581745337028, 0.49635484218498777, -0.04330200200162804, -1.357816962694853, -0.8555411853308115, -1.6437831603710498, 0.5451532286471011, -0.41313196081681447, -0.2158067728192711, 0.009690344674181464, -0.6136083867339208, -0.6302827512909467, -0.07744387214417064, -0.3381369632738296, -0.28062671018171526, -0.5373873755437174, -0.727403945311864, -0.3444488552805921, -0.5878333731414352, -0.0751337005426662, 0.07002567096694835, -1.7637025346656912, -1.0256305357439495, -0.6250054368222707, -0.3338043153275648, -0.5854453090377678, 0.4022130603222503, 0.7199153265406749, 0.28199516884165055, 0.633455156944008, 0.18955597338763214, 0.7177021359903751, 1.484751408295828, 0.4580222456097189, -0.6623070110864508, -0.5765398239282158, 0.8843180846665388, 1.0413740477855886, 0.2700954630875317, 1.123367696365438, 0.6438459957190868, 0.7414832485104141, 0.4382419926699945, -0.3178128526679563, -1.3335830834572138, 0.9173631053292642, -0.2910109488586677, 1.8192784816961611, -0.6937586299749466, 0.10281546086958897, -1.5875443678104715, -1.0675736752064335, 0.27185811051266534, -0.0419350866949818, -0.20853258321960497, 0.15275626897346054, -0.847676201710747, -1.0647613877144555, 0.6144565659855504, -0.4839075354541523, -0.7195530269432808, 0.37523592963074553, -0.9009695145419238, -0.35154442802531916, 0.08229156146003636, 0.1519470166802629, 0.11986229908651472, 0.2561235291380296, -0.6055936241366205, -1.534150817924715, 2.467299299051211, 0.2580356740743725, 0.6591951453517153, 0.46852185364410837, 0.540448121404512, 1.1244666596952735, 2.342145596927546, 2.414947188681181, 1.393223212828469, 0.8975728302922144, 0.4940608855399163, 0.9395963003240583, 0.8081219597982094, 1.9600758650565953, 0.9836584749751693, -0.3091345484890329, 0.10233704603479345, 1.2084847066048998, 0.21309309851154234, -0.21417718229462485, -0.30339554985587025, 1.097798296990852, 1.4011739258612765, 0.29778899428526373, 0.8747211701094225, 0.4607673488390311, -0.5109619532791153, -0.4604118146867637, 1.9181664366090103, -0.05396666944426847, -0.7952718909291642, 0.632435391756715, -0.028700982476724902, -0.1336221217030383, 0.13634255424519293, 0.38127770187930565, 2.5645051538946357, 1.2239100346568637, 0.9088605306530411, 0.9709726237945789, -0.5754231690399229, 1.1738378880039562, 0.37891109263243683, 0.3404379345611879, -0.9078005804243766, 0.2666604998264564, -0.6846408315122919, 0.9524121596062555, 0.6855995310681047, -0.6628409665929869, -0.019200491091392213, -1.1587439449715304, -0.18455829123989484, -1.3088307004711544, 0.4770468842165661, 1.3664727818729925, -0.15512567540868186, 0.5642433712343357, -0.44559464619343986, 0.23898667170498306, -1.787559014609743, 0.7458480643243589, -0.9277148690745232, -0.6848510785173929, 0.07440785197705543, 1.0211748167798822, -0.3134242284853491, -2.090835889724771, -0.7190401610584614, -0.2537862557010709, -0.5284496943344563, 0.7555991086583753, 0.3188500164446516, -0.08924829992812462, 2.8877701144108485, -1.1029027704984422, -0.7477972805332849, -0.21491418891624037, -0.7448745483636011, -0.7167737255375086, -0.004872949885233154, 0.18840630370886952, -1.0827629734752915, -0.5538547746231113, 0.655316059300567, -0.8851221370442762, -0.6459758147157317, -0.8643308019299897, -0.24043400957975564, -0.7344980662416165, 0.09873726412716853, 1.4344580697137141, 0.8675541864956727, 0.790982449565439, 0.9658478446061637, -0.1492047163205169, 0.5364338774332638, 1.1379695268697911, 0.4666469572007998, 1.3521384529100662, 0.29698590590443014, -0.3450018620517037, 1.2764928218906089, 0.636101545942431, 0.9217989438426528, 0.6063348395876573, 0.9354596350381195, 1.0037866211908357, 0.6438038397119588, 1.1818048635718514, 0.6156347292158986, -0.26096004617126467, 2.040655230797757, 1.8080015289936742, 1.059478291938704, 1.4668269315358333, 1.1475867400503192, 0.8383333964499413, 0.826898128987608, 1.0981132319849407, 0.5495947820869197, 0.6721461392426391, 1.4664411798118844, 2.4019782369032194, 0.7933761225392523, 2.0186594463997505, 1.8637213083738262, 0.9429752739145387, 1.6996525460753458, -0.167973008604569, 1.1121691760213217, -1.1476205998970628, -2.1019221873003424, 0.20320515854647195, -2.935351890990554, -1.0160602585958782, 1.1719036320429386, -1.917538107060387, -1.7048447351703662, -1.1121828911459037, 1.0275529578272042, -1.6443707046078795, -1.8282117470398764, 1.079258706556614, -2.253265541147451, -1.2774154214251268, -1.9200078455444993, -1.9570144437192416, -1.353128170738881, 0.15786385079571655, -1.4320749657089709, -0.040025240995753816, -1.3563329725607536, -1.5891795089293341, 0.020424140581853035, -0.8896435987215728, -2.1148728648185084, -2.5321979869356803, -0.1249765670415841, -0.15652633095711774, 0.28212808621630153, 0.885330224059842, -0.9899711821949819, 1.5038632046594298, 1.7167076258518854, -0.8314428736711988, -0.37154661713720893, 0.011321075567983157, 0.6630145835087435, -0.9828670538652399, -1.0835984645344041, -0.4389067512500556, -0.7279347874764444, -0.5782539144548711, -0.9975523850989504, 0.7567469444211055, -0.5631274387736381, 1.0949067977328653, 0.20145664341074165, -1.101679864396119, -0.3258294782267558, 2.089017245126443, 1.0729705437394972, 0.21142145686981895, 0.5671035747532853, 0.05488741439042973, -0.35322366650061576, 0.6896127311190869, 0.7623464257569761, -0.47942142833278273, -0.672041764240469, 0.9165740120107962, 0.07490246384320695, 0.8115801522827082, -0.543282021152444, -1.2894218649570892, 1.3082457440072972, -0.14382066254556605, -0.22350361036702066, -0.3421955658171377, -0.370939939323115, 1.2516903104852266, 0.4539395618492265, -0.6590105801998838, -0.47428777404524153, 0.1114748086464769, -0.09436229763586872, 1.1032460279206189, -0.5166358773869786, 1.4960517159378148, 0.19840583575508922, 1.478304554538895, -0.007201424559252271, -0.032079730088642955, -0.5841543175714778, -1.242962269530232, -1.9342250905755753, -0.8056644187182946, -2.4508427557523897, -0.7438809631034421, -0.8763251744974876, -1.7369565391655897, -0.5565344148690624, 0.5556483710258434, -0.731582630759395, -0.5098886205852898, -2.5817500920428498, -0.31214316223831123, -1.2439406559257358, -1.647814601828044, -1.317452168043343, -0.03901288749645415, 0.3679471783529976, 1.3465120382593367, 0.8585541397794663, -1.9540287461487265, 1.6380708728652331, 0.7034246534015244, 1.4803593352703943, 1.8944048745217967, -0.10937305613284563, -0.2222069017356877, -0.09504816534137618, -0.49385941775716563, -0.3269517965876551, -0.5986228079478938, -0.293398164233051, 0.29621258303214587, 0.12921099852316406, -0.923359174319799, 0.16088201084313683, -0.7830574822989836, -0.11743933948520459, -0.7294924719520121, -0.49385941775716563, -0.803522898938469, -1.5132487423019771, 0.7220667347987345, 2.930611528376151, -1.2565705522328388, -0.4016995684119825, 1.4000537032688936, 0.7056569219705313, -0.8734273836671932, 0.3084794683392638, 0.09453002552945465, 1.1287399663211566, 0.8414623449960702, 0.5796542718267662, -0.30999073568971036, 0.374397157141897, 0.5277064652981629, -0.6858053336507873, -0.8948009243329975, -0.5315663935853301, 0.03291167058084783, -0.7340152226619132, -0.44069610772309625, -0.5002101917832639, 0.7384888886848773, -0.0819361604304997, -0.8449330309732561, 1.0446403169765137, -1.3019882653978343, 0.9888189588731757, 0.29314158486299063, 1.2048578692936653]","['v7', 'area3', 'v13', 'v1', 'v38', 'v67', 'area2', 'v2', 'v3', 'v4', 'v5', 'v6', 'v8', 'v9', 'v10', 'v11', 'v12', 'v14', 'v15', 'v16']","[np.float64(0.11323047671656912), np.float64(0.09620719382922378), np.float64(0.04886981968169509), np.float64(0.044959388968043495), np.float64(0.02049754563649692), np.float64(0.0191597941582117), np.float64(0.01205196096061167), np.float64(0.0), np.float64(0.0), np.float64(0.0), np.float64(0.0), np.float64(0.0), np.float64(0.0), np.float64(0.0), np.float64(0.0), np.float64(0.0), np.float64(0.0), np.float64(0.0), np.float64(0.0), np.float64(0.0)]",4.80517525788019,4.977034199892109,4.897386457924414,1.8320414386082158,1.5779393565805204,1.512360152867645,1.5103264997824877,6.709939687964109,6.709939687964109,6.8014902076973005,2.2642416532829315,2.0437948433220523,1.9206230050338107,1.7986836573010196,0.9388297030027313,0.9323118873235727,0.9355879085123333,0.031193628735366623,0.01706291320955211,0.1588641964729009,0.10181263023779707,3.892586785161371,4.252011992449307,4.137334232208574,1.7034302695376948,1.497404336608893,1.3685007574157364,1.4306138000295159,1.8688118637969073,1.6996006043919845,1.7068024293507862,0.9625963306741794,1.0814582367250034,0.8435561091073478,0.9660686797681985,0.9769321853814703,1.0301695652992118,0.953426912158529,0.2489467752292152,0.2523234525346422,0.35209171145709195,0.3062116909642052,False
m239,f520_b,"['433', '434', '435', '436', '437', '438', '439', '440', '441']","['459', '461', '463', '465', '467', '469', '471']",m239,f520,False,0,lasso_no_out_standard_k20_lda_nc2_sex_on,lasso,lda,,standard,20,2,57,7,9,True,0.0005660388269461691,0.9994339346885681,0.9990485906600952,0.0009514490957371891,0.5238365530967712,0.47616347670555115,-3.872651935208514,0.39849219713741896,-0.530018491126396,-3.2288204724897867,0.10042707514260785,0.049519045659353535,"[-3.864261094414536, -3.03891367853693, -3.984725926605308, -2.8708411838211374, -3.1172215792182167, -4.198879392342608, -5.437440765919425, -3.602811397761848, -4.738772398256613]","[-1.2091521151555404, 1.3909630041024756, 1.585455226963913, 0.5036239069269458, 0.16017113345031117, -0.5258613412552396, 0.46343545424089105, 0.6458046332327547, 0.5719898717302591]","[0.019152322902159014, -0.6002665098664901, 0.12174018125020082, -0.665942858134602, -0.40579169216740874, -1.5928122465629635, -0.5862086353056678]","[-3.7705515914381023, -3.157878968833177, -3.552094096484273, -2.276667542958526, -2.634465295239983, -2.4225325371804347, -4.787553275294012]","[0.19001124871368594, -0.6044566508785578, 0.5419344502592515, 0.9583560552525525, 0.0820940817723795, 1.6406874150671844, -0.0478176174974384, 1.0254787617820593, 1.6101402872907546, 1.5039603325709994, 1.6338812597824746, 0.6910436240781079, 1.1028798163485145, 1.5410073946930802, 0.7099881799624533, -0.0807111708691058, 0.7942102977928647, 2.5117063135807043, 0.3950241616336191, 0.7306605851572103, 2.028676280617147, -0.5267736121375756, -0.3419610404619999, 0.6234721325227611, 2.2297733844809176, -0.4171120345354071, 0.4718475837813821, -0.9881048258936721, -0.26916265991125693, 0.2449283226477127, -1.4945455158371546, -0.13511157595622839, 0.6356889645849085, 0.6511910873879184, 0.7401736987542898, 1.3740911391660664, -0.5446346277876906, 0.9707548632111106, 0.023560459120973543, 0.26899604640349783, -0.12880323007465244, 0.7906544088974452, 1.5629787677307738, 1.5594931266672696, -0.08458665694312625, -0.6807971506601512, -0.2535676960182817, 1.8589683650082673, -0.5340703771646818, 0.77077678154799, 0.046190925279741536, 0.29982483799799725, 2.2238100383496304, -1.8866677329444497, 0.8815182541375692, -1.0682766356744047, 0.07767020549492967, 1.0321773636115046, 0.03380019960817885, 2.657368392868514, -0.4116727976256613, -0.5097572254632499, -0.8557477732864499, -0.45392746019666813, -0.4041972548683749, 0.4300974031245702, 0.27942970260628414, -0.6770331593438673, 1.370819808772564, 0.4286261024956511, 0.7716726226503701, 1.2947482402743407, 1.521351877322344, 0.8472106054160949, 0.6159225658814774, 0.007129104010944447, 1.3624905644630207, 0.8549672612984908, 0.008576018875004034, 0.8962872965656078, 2.0244522998099024, 0.9092126143619309, 0.5513204265466497, 1.8692984163321757, 0.5026011389474034, 0.7721893156057362, 0.46228803328957463, 0.4955208229873737, 0.6389116106672262, 0.8576458159360586, 2.1251180701485834, 1.0900930492574696, 1.493988633063552, 1.5108980726077113, 1.0637710973065837, 1.3897864023750033, -1.1735725497616105, -0.5598802638243142, -1.3422313207088867, 1.876535615483739, -0.12059366667101083, -0.8079627526652755, -0.5781333096074168, -1.1757135380691122, 0.265639235930833, -1.5676324212480768, 1.2028593173400555, 0.5472194550611621, 0.24421494068982577, -1.1907238593486804, -0.17760404884725553, -0.5560322065211385, 0.20724025643940358, -0.7158735046880128, -0.7916345373390883, -0.33890619498049435, 0.0428859242344812, -1.2235651783200994, 0.518548408320097, -0.7479243868288347, -1.0343019817304713, -0.7546902517364087, -0.37343166009830625, -1.4504735235649164, 0.3371725558234202, -1.240972153619714, -0.6588534053785419, -0.594262407260395, 1.5575394448434865, 0.03791579618436535, -0.9402338996655938, -1.3113482866186128, -0.5287506253919637, -0.5481845059133843, -2.370099856611657, -1.5412599587218196, -0.7874614729985232, -0.7706769346581451, -0.7139764244042311, 0.33809532400929493, 0.5982158027549351, 1.4195891627987907, 1.831998927225098, 0.2381371464541046, 0.824645558699951, 2.336722105000595, 0.19744608181097964, 0.3919324849133627, 0.5916940801350449, 1.0734444370448937, 1.5823281689396835, 0.1940451432775165, -1.1476216842816032, -0.7132715818079056, 0.06829777241180908, -0.07904640924060385, -0.42926010873073306, 0.5525209317605875, 0.03140175148251271, 0.49709901381087157, -1.5873562334434363, 0.530913430459206, 0.03976802927094297, 0.7677226042055795, 0.6759283032212624, 0.549758456582236, -0.04225821831268663, 0.7065560478553, 0.0510605795483806, -0.2531233144360892, 0.4233476538592782, 0.021514689917689157, 1.049244091931497, 0.4080193624777156, 1.2634028995348838, 0.20057214103073548, 0.999794452087888, 0.6378144638061378, -0.053517991151440444, 0.38427274912042586, 0.41534309162679117, -0.11872378108131469, 0.200411624752217, 0.6296470960250948, 1.7115727309905604, 2.040821062312323, -0.15589056897689324, 0.16195382015163998, 0.8225985076971046, 0.5322574986570568, 0.17936541158850058, -0.49203398806967236, -0.44116838313121437, -0.10831086818792439, 0.009933535144953926, 0.8774593446997944, 1.663434730647997, -0.5424007031030402, -0.9713280813438536, -0.49602115755559656, -0.008302071743203701, 0.43723181820767004, 0.8798929008143813, 1.1324968662643509, 0.6592977326248041, -0.6955201377755867, 1.039712969688069, -0.6495582830965357, 0.0396286645369781, 0.9966008884599122, -1.5583486384817544, -0.5395204251098838, -1.5136053800534681, -0.8023384323499718, -0.15288326369792238, -0.5106305488639521, -0.575602359419532, -0.44074839041124003, 0.552960760772242, 0.11234491164473571, -0.3017126207915042, -0.7150555021233987, 0.48068485576347864, -0.10912807598078116, -0.2662837087613464, -0.1222151909493278, -1.2328340520339687, 0.9932340835003786, -0.798018441833491, -1.3741535055234675, -1.4477095593000788, -0.48785914357458854, -0.6768863308400773, -0.4015250862786546, -0.09591432092492116, 0.05905174635410761, -0.7955683946540341, -0.03755896998960532, -0.8565953481016936, -0.238419074955513, -2.521781678674785, -2.1523734643726558, -0.5948043197731671, -1.7471428014159156, -0.8859022492279106, -2.084220138634746, 0.4164225019148962, -0.6917628219141735, -1.0219950411026568, -0.734452132876335, -0.6820061792058402, -1.7927585885524904, -2.1366788479279006, -1.6761437486053894, -1.11739774917201, 0.8991246658326704, -1.0981934521855623, -1.4733408985788425, -0.5146318118289411, -1.6160362964695065, 0.008342479780224048, -0.8871378899486102, -0.6392806611678299, -0.9686809939029645, -1.5927421103786976, -0.954050984629829, -1.0498029792567802, -0.368157045853202, -1.6847056847550992, -0.7689731418636637, 0.1681132789311942, -0.22948887458201608, 0.09445683843947665, -0.6601334788547156, 0.7011428638300894, -1.264159414787594, 1.645049931753244, -0.5715510782104154, 0.9359696469768666, 0.8934046979627537, 1.31240416601949, 0.8902589029869747, -0.5173829148070767, -1.0597580103104798, 0.8390526075926635, 1.635607830101208, -0.6930498529135137, 0.012117671347110786, -0.3398026170104691, -0.5557765263168513, -1.289328011032044, 0.46790063303178003, -0.38124753350307516, -1.1023828697358329, -0.4572134749409686, 0.8419222203866116, 0.7541966299553, 0.20664200966071322, -0.8195765287669452, -0.6729995649423309, 1.8595505378047814, -0.43463964260861676, -0.19645894491378463, 0.06137253490929955, 1.001057974403738, -1.429639047574874, 0.6355649678168845, 0.5289547909123947, -0.14985974057369753, 0.5013285808822678, -0.1599536916511687, -0.10182537101398594, 0.60574069686871, -0.08731348312730938, 0.4942176937744567, -0.33789135935962467, -0.01559250013381582, 0.32339806567032897, 0.7665543141043488, -0.7998377678855171, 0.3455130307286923, -0.2030569605430552, -0.46290303093731217, 1.1918335501953297, -0.6338600234583971, -0.549770161052114, 0.9295207259694248, -0.4230041512472705, -1.578613253096117, 1.0719889476745057, -0.785887670780693, -2.9119979270221528, -3.13845212324741, -1.186364909595771, 0.1291618137865004, -0.4859921692014214, 0.32213939598737723, -2.165038127207923, -0.11920614197768363, -1.3709032134826236, 0.748824368192104, 1.3339124284707833, 1.0473434513006332, -0.06823681783728784, 1.4800057866610494, 2.2136279208470167, -0.14503545686902378, -0.10003958639929525, -2.021978998022569, 0.16629246606973058, 0.11413402149060684, 0.748824368192104, -0.19750043107156556, 0.6443468740155627, 0.3653116983118261, 0.9615205323033026, -0.46726676717090704, -0.28822142696793496, 0.9145471305277546, 0.9760034415615483, -0.48553806098566016, 1.9856695026079323, 2.2231010181286512, 0.15354740026668046, 0.2035844933897503, 1.0096526157897796, -1.0057157969924635, 1.121057749661507, 0.29532715203117077, -0.16109152427922768, 1.9975856378506507, 1.035639862569932, -0.12081369341378084, 2.4580265185922268, 1.4437619749238944, 1.3488236738051573, 2.1963376820839535, 1.648583478691703, 1.3830551655067669, 1.448849822321545, 1.0956748029451027, 0.9001996129183187, 0.13761230116052764, 0.14308869924603834]","[-0.5043423518195387, 0.15891368230007802, -0.24847759377838374, 1.492175917960601, -0.7854059617140613, 0.05568452256564272, 1.3802698063455294, 0.9034896312464825, 0.902709553153274, 0.7698730486782643, 0.08485919262966171, 1.0102539895816245, 0.720443859990071, 0.6230330614222099, -0.09191328988908012, 0.28625844287166957, 0.17455832263717808, 0.46102406141457697, 1.0574882283349196, 0.6936774058843344, 1.0720624543736132, 1.098950177147871, 0.4417166674171133, 0.6356082681808707, 2.874240490083029, -0.6146222590751997, 0.5130001193235926, -0.6087887312372747, 0.29913930113369863, -0.4128332575446586, -1.2058882950386562, -1.222358621112748, -1.8356141299391093, 1.0948798093544574, 0.11444544717669704, 0.5742971645624815, 0.4239475299723371, -0.24624482657513183, -0.3581328230105891, -0.3176683347853826, 0.012660447061749652, 0.1815603829445101, 0.004694549309032072, -0.7395076293815911, -0.6775224788724403, -0.882582416522546, -0.385629699126022, -0.9260431702641573, -0.4157109502489391, -1.4691378487901525, -0.49729492391045577, -1.4058089493772126, -0.6106173466893834, -0.7351837741054824, 0.746012210188274, -0.6201086612641917, 0.2026376471083159, -0.39187539610920913, 0.030011284528563286, 1.1285861602499057, 0.35000095833887507, -1.6624479044036107, -1.89131346100993, 1.4036351872550696, 1.441617027069301, -0.9747038762334749, 1.7092106447547886, 1.5655890870942382, 0.9037127668141721, 1.524650987043866, -0.18482984035765218, -1.0462808803874768, 0.3811144019695327, 0.5077217346129352, 1.2592037612195492, -1.7658280758577467, -0.01849085359574859, -1.0334884321030111, -1.9424129211140302, 0.3839270526843874, 0.6001217502686748, 0.1646613779990637, 0.005010039343373471, -1.3075136536079774, -1.7649729435318788, -0.4147062381657198, -1.009785935138633, -0.9381666124773951, -0.9591566398343971, -0.9665069064747566, -0.21098607721043516, -0.11721472024890565, 0.25774533837414876, 0.2364457023713746, -0.5859884641239289, -1.1615176462997365, -1.4711057746533966, 1.2462290109159082, 0.3360314698609568, -0.07800407025007998, 1.0060423272438745, -0.5712317189393509, 1.2806932647461007, 1.7326275881245319, 1.123230748759668, 1.0732541972350007, 1.3027524642134376, 0.03663777780309644, -0.8277937271433273, 0.5276503942762689, 1.0051468058805564, 0.5199082586240839, -0.15911686280669204, 1.4286484753018989, 1.0964334094628758, 0.6989331623600482, -0.07692929177617096, 1.0375910885699386, 0.7288395957706058, 2.1239420989248723, 1.508758504563191, 1.6981428874435907, 1.0671841287887878, 0.0056632306729727045, -0.25250840874284625, 1.3873668614752357, 0.31334841861666246, 0.38047211113939244, 0.02475003262493829, 0.8660304053556271, -1.10301280657309, -0.2163560036554718, -0.68912862438903, 1.8505979630877154, 0.88590654564435, 1.2628954371294145, -0.1320181020973919, -0.5789717591650708, 1.3184011271999152, -0.5340210431526697, 0.11803653200195359, 0.369837442486388, -0.171081722901958, 0.016178272523910343, -0.1343722930204069, 0.8897218658986922, -0.6712092466822356, 0.3634449821990632, -0.7376976693370448, -0.2609536241813283, -1.1221386593453142, -0.6142990929678358, 1.9312415110852417, -0.346456407907509, 1.2685294485985747, -0.030992513326093842, 0.20725707883919092, -1.3970391028809015, 0.7439619100201628, -1.5363200527079621, -1.454831463678993, -1.0297854347496853, 1.1047719790064372, 0.5092031895700287, -0.833158201459638, -1.8178988913635168, 0.029357330744617636, -1.9510823005969022, -0.5318979882551816, 0.6106712112408813, 0.4744922538222116, 2.0296035460624298, -0.42371620242999036, -1.1934251083825511, -1.1725058967656976, -0.820549354098302, -0.1897986662062865, -0.545845204073828, 0.7123385179876297, 0.17735341446476222, 0.5179189871748086, -0.010807659531248655, -0.3040061779091294, 0.5415650001609007, -0.2543321078609733, 0.40790970789849584, -0.34750819871479754, 0.023889128175426908, 1.0822853155204766, 0.5735088253701198, 1.1039465870372094, 1.002741137176604, 0.15269167040140885, 0.6054356082479142, 1.0886432848516372, -0.017928883987929474, 1.084761823931512, 0.05209528078602852, 0.9739212799676217, 0.9086669687502335, 1.2288660720694593, 0.5125690864255578, 0.25187131810457514, 0.5401940830155734, 0.7309654788102946, 0.008402913058646962, 0.9266921757323066, 0.9237150398627092, -1.383136365975826, 1.6802046546389144, 1.296825740677473, 1.4351395686757138, 0.7163551852294887, 0.9108013771954172, 0.8136803576792246, 0.6674302924382872, 2.2167161889026503, 0.8619054311245028, 1.0476001765613314, 0.33241351773888966, 1.5541336558175904, 1.1444958854696847, 0.3532795643777776, 1.752833166177137, 0.7555150176470662, 1.525990526943044, 0.7201941041235421, 1.007197392007444, -0.42496911592335673, -1.1547669898650361, 1.377390918651102, -1.523281249365886, -0.7681084101550538, -0.21770079957197166, -1.2378905448568123, -1.302587564532034, -1.2723338460359843, 1.1540132681898367, -0.12714843930269218, -0.6674410450472352, 0.7104684056934936, -2.864556923779222, -0.6499735516776214, -2.0051659133444883, -0.5140226026081366, -1.414376228030207, 0.6178952793661717, -1.2233250263083262, 0.6687514194800875, -1.5368737202953533, -0.6440852601191188, 0.6735694535680153, -0.1344361556960702, -2.166124503956593, -1.2098116579041165, -1.375168236394482, -1.590873307969798, -1.1979210523029253, 0.2922466944201332, 1.9775105519412255, 1.1611993006882622, 1.1698467028504682, -0.17441486878771958, -1.0272777624717453, 0.3264344634105843, 1.8748254252116607, -0.26543740334870414, 0.308434591334349, 0.1686756717264435, -0.9886930602453017, -1.002948262946889, -1.0382693614999725, 0.2558438444781826, 0.9616058924716073, -0.15098787450409262, -1.7462332391196345, -0.05885670756934075, -1.7603104790043227, -0.06717927017183778, 2.3064983321343857, 1.597490000567596, 0.2806957006478102, 1.5619928694589362, -0.6165353233262999, 0.26923085130181834, 0.4090211421096174, -1.3188040435480175, -0.9698393165360369, 1.2947453147236871, 0.9161028343780937, 0.632034887046788, 0.0007613621171508928, -0.5140611770856299, 1.938283784282922, 0.5943705846118094, 0.9787846454456854, -0.20276022551560552, -0.0731333937744781, -0.2106454934231369, 0.2891027859157076, -0.7663677653687883, 0.08002417614986142, -0.1551107160162221, 0.8955051913196558, 1.3353555003227846, -0.30090385816041565, 1.0917383043253885, 0.21608435352042804, 1.4972838913489797, -0.543126236000136, 0.936067447170485, -0.36630449428364675, -1.4345241819978185, -1.3239947012188553, -0.5261967843361779, -1.3644436290113056, -0.6508093831208956, -0.4979443455183022, -0.7594202896190433, -0.04239147979794921, -0.7206184472711685, 0.07393069742222547, -0.4553596144590854, -1.864430204272241, 0.38386735610615985, -0.4536308095106754, -1.7821367254077132, -0.7653207749450733, -0.2754792375531772, -0.3676515046602166, -0.6914797606784486, 2.523208272896057, -1.5687753295837943, 0.8457051137270863, -0.7882389162902956, 1.1562637209389335, 1.5530664807307981, 0.1686938117781701, -0.8561018918238347, -0.10805828020309159, -0.9062198716221663, 0.20630005419934705, 0.19286481776884692, 0.499543302579502, 0.6725478459160636, -0.7866449814414455, -0.5407257614128481, 1.0011065847232838, -0.937765912877141, -0.3967322482797574, -0.2932782856606902, -0.9062198716221663, -1.431182971153349, -1.646237256042585, 0.05050731894439577, 2.1560037814132937, -0.8033057817369516, -1.6422771862726973, -0.18541042989269363, -0.8844533604176031, 0.6727161533550999, 1.2327229954319046, -1.2977145367276444, 0.9416236692693466, -0.11336482944610397, -0.28764098218793277, -2.2431843542877017, 0.36774891832941164, 1.0137624456662049, -0.6360781362946845, -0.48698718942155567, -1.088195318137622, 0.3233222100710197, -1.4425443360267778, -1.1860442719584663, -0.8686522876725035, 1.6380232031933566, -1.006633153685928, -0.7796560203387605, 1.4860247149241887, -1.4751438658028841, 1.900336634829387, 0.14773083541908127, 0.8752376989614193]","['v1', 'v6', 'v59', 'v12', 'v52', 'v84', 'v13', 'v81', 'v67', 'v8', 'v37', 'v2', 'v3', 'v4', 'v5', 'v7', 'v9', 'v10', 'v11', 'v14']","[np.float64(0.1780229828681068), np.float64(0.049530451781243955), np.float64(0.03608801760355764), np.float64(0.028551079936642604), np.float64(0.01796347126847782), np.float64(0.01675581495922404), np.float64(0.016063739712041343), np.float64(0.008430118745051299), np.float64(0.00832335284637153), np.float64(0.0021008274431166167), np.float64(0.001330699073221201), np.float64(0.0), np.float64(0.0), np.float64(0.0), np.float64(0.0), np.float64(0.0), np.float64(0.0), np.float64(0.0), np.float64(0.0), np.float64(0.0)]",4.932605350596612,5.034227661201843,5.028660099256658,1.5902541883384709,1.6268475345070066,1.345129338982003,1.2129589804905216,6.969946113709323,6.969946113709325,6.987489141606092,1.995551581347203,2.0748661605602576,1.7004425304741126,1.622362642063737,0.9398731242135808,0.9302315059876621,0.9323305367296488,0.05050904272834885,0.03202119806925885,0.041962125028153156,0.017450373093785165,3.6273126696272056,4.102075268952494,4.025428299342459,1.4409393708650737,1.348680728563661,1.2137816126887837,1.136086296198119,1.7592286318067099,1.6705864456929953,1.7201213502546076,0.7509103204561974,0.7632047231860627,0.7972978174276932,0.7899678713947528,0.9636316002771311,0.995901252703098,0.9928638750743012,0.22791359033323977,0.2299100661447228,0.22282268750469422,0.22073857657155105,False
m239,m681,"['433', '434', '435', '436', '437', '438', '439', '440', '441']","['490', '491', '492', '493', '494', '495', '496', '497']",m239,m681,False,0,lasso_no_out_standard_k20_lda_nc2_sex_on,lasso,lda,,standard,20,2,58,8,9,True,0.0005660388269461691,0.9994339346885681,0.013744175434112549,0.9862558245658875,0.5238365530967712,0.47616347670555115,-3.905624832449738,0.8264398572779399,-1.015388697399312,-3.3118280592426586,0.11269201320635987,0.04962673374593716,"[-3.1317889674488533, -2.820451070937995, -3.805754030371858, -4.852677646943613, -4.08116450849121, -3.517911154464497, -5.168471044540427, -3.6165714475054087, -4.155833621343781]","[0.7093399227654776, 1.6854068303854561, 0.3733988329084458, -0.07539752376703704, 0.6724303408084416, 1.407094008331558, -0.03560478948090453, 0.8558024353926701, 1.845488658157351]","[-0.7262098998009212, -1.3891256321529133, -0.6637118822825853, -1.1058094118435788, -1.4163670633649665, -0.7372769496732949, -1.8224516949921437, -0.2621570450840921]","[-2.857159953886462, -4.586786510275659, -2.1832557549969573, -3.320110407502831, -4.030944052076876, -2.2446850283187083, -4.086413862265165, -3.185268904618612]","[0.13038215415647267, -0.3276692038415922, -0.009230033447148706, 1.7814330771842308, 1.5812264510853393, 1.4573320326116415, 0.03534245321788519, 1.8598935012883473, 0.9143637548021494, 0.8162663558701674, 0.6485790746926978, 1.0945270522043546, 1.785467986483153, 1.2270126713570604, 0.9237461501378258, -0.9648572983519866, 1.567407463829022, 2.0414462716990327, 0.5927188855379948, -0.048993806131728476, 1.2149732602851846, 0.3355733883432108, 1.0725856497712145, 0.6232238748866319, 0.5487754202795044, 0.458440809364053, 0.8303771072764842, -1.297782385117876, 0.009023982098338285, 0.29981288113173743, -1.1920881707993989, 0.14587680700260117, 0.6744563809014836, -0.396411274341644, 0.990840101970554, 1.0942165918196904, -0.5053131712059543, 0.9266880585841419, -0.37084068823357746, 0.7823818873170102, 0.8014700614184742, 0.1472286903693324, 1.2624263253405317, 1.2691169311997368, -0.3500578556987071, 0.667387737901503, 0.7687194030719832, 1.744633017315584, 0.5152288362103224, 1.5499130121734002, -0.4040497638849935, 0.516777464549389, 2.0416336726672943, -0.8322671417799007, -0.8485146413887001, -2.1464128117307633, 0.5739248098614642, -0.06300174787880716, -0.8451621015985875, 1.2530354591625577, -2.8058108453336947, 0.6606303091676069, -0.2764107812961525, -1.4954357948204988, -1.4418129672178601, -0.9271528146027458, -0.07536686488208048, -0.6395617753117752, 0.6324364547681848, -0.48529195255562607, 0.5963863197892355, -0.11333569377997015, 0.30474236855685605, 2.0417837854446113, -0.5313171190562288, -0.39112348162919935, 1.6638511832001195, 1.4315746350510663, -1.269092288333704, 1.2787042489617617, 1.585354463919665, 0.7211164469070113, 0.23871527005443702, 1.4148313247804012, 1.0612130532053081, 0.4520992059991753, 0.6741706124441356, 0.5803720421414008, 1.6746511416657601, 1.820878190800388, 2.128489641914317, 1.3923293171473548, 0.5319201544191979, 1.0512601426108017, 1.8858803573326235, 0.34936732619746586, 1.0474999780491203, 0.2958298052833948, -0.7660765737821594, 2.5765456575637677, 1.5123962073387998, 0.09162392598089429, 1.3521013644285957, 0.5550366431546453, -0.9767937386942641, -1.1925436178005404, 0.4645410620615417, 0.41502728069202993, 0.0689481362565025, -1.3526649025865525, -0.744341846047997, -0.7368301944258326, 0.10034038297718723, 0.9021018312582249, 0.042917112008856916, 1.1898045312960202, 1.185101702457518, -1.975573988908932, 0.21977781205851626, 0.28221984897994795, 0.11317389818039007, 0.057654132420712254, 0.30873996709428614, -0.6841622378865835, 1.1434383238322658, -1.2201280881577627, 0.2754058553804902, 0.4391328488857473, 0.9378203213462007, -0.01068089824654633, -0.27618722711367055, -0.9931629427884777, 0.5585354926954297, 0.05576085070807209, -1.8145607837442927, -0.8472569443518665, 0.25308100994122507, 0.16352032889821808, -1.1740183287359476, -0.06829371551670559, 1.202876452616724, 2.082987143167804, -0.06550995005713738, 0.668881297278071, -0.046037490412111956, 1.6386381833113612, 1.5408077070863158, 1.4426277747686749, 2.4767819154565647, 0.6341880994289419, 1.2299650782472797, 0.017535997634640272, -1.370171195838778, -0.5130666959786817, -0.3251625352238004, 0.10870599828735328, 0.44631411287946177, 1.4407648906513537, -0.0618377592185268, 1.0740334133614589, -0.4762307856704454, 1.3609451189867736, -0.2433130380073098, 0.5322849897689583, 0.7405467860104613, 1.160813100268325, 0.12377326640919391, -0.9383736212774723, -0.1836162854757303, -0.4635057269876148, -0.1998726346946794, -1.017970582269774, -0.06352756016789403, -0.6434092152971969, 0.38742537520880177, 0.8080747885432674, 0.9916640778622975, 0.0620611623844604, -0.26447274796397074, 1.295183091016032, -1.1255738482157245, 0.29820533835812313, 0.5327310807775437, -0.4545334192237702, 2.346996320287037, -0.03806409257022419, -0.11611123433497797, -0.42270773610778867, -0.2796826133491243, -1.391907480918223, 0.06760015885461969, -0.10036859836161952, -1.6415931041250806, -0.677603961906682, -0.26212873477393256, -0.14383890203591584, 0.45766657214370987, -0.8058347648191778, 0.9350642607702075, -1.3627548283455841, -0.051718410903190654, 0.12531644050110113, -0.22165710741666295, -0.32878037867455673, 0.3793022640269782, -1.114808385448548, -0.0031871284239774274, -0.07466088560519382, 0.726227875246394, -1.1337092703585532, -1.2231612591840233, -1.1081778163648142, -0.23848204796816092, 0.3409845559417006, -0.2387488357013544, -0.7567056656946952, 0.42617145916115673, 0.14443838840491943, 0.332387692078075, 0.38547421506455715, -0.9234453769065295, -0.9102145200398472, -0.5026847705988994, -1.6976171983516675, -0.6297267750849292, -0.19553248130910486, -0.7564854110111052, -0.7570782178262264, -0.704721086672709, -0.803261117188, -2.2433879489199207, -0.7432364094905952, -0.12894236296794945, -1.1233079680203606, 1.4471118014295463, 0.12087580479274784, -0.9709050817187722, 0.8743518147810175, -2.0324864388297956, -1.3445490079286482, -2.4600357163985827, -0.8952452732184966, -1.4339047461909071, -2.239694360949718, 0.6763683895198042, -1.5578296445364772, 1.0872135620843317, -0.7877698529073324, -0.20228428029123452, -1.3478519359005015, 0.15262548287819416, -1.6886176618941233, -1.2283860357200862, -1.660765880754771, -0.9371857051757969, 0.41957612741601624, -1.4377439938862344, -1.3933370573565942, -0.6169136165679373, -1.0220873947127362, 0.10057757962057971, -1.2837069398556427, 0.09607698501063591, -0.10203170419534731, -1.1460021346220528, -0.5489966560527695, -0.4889305279368887, 0.8804449498676848, -0.5118613677930313, -0.9233876516817315, -0.37828998179064816, 0.7883192997915478, -0.33695518426784155, 0.9838208998802921, 0.647099109101477, -1.0371687529984248, 0.5781369318339583, -2.41243231276076, -0.1257039278482553, 1.1012859135826991, 0.06267005568522936, 0.8865645417805663, 0.13670477015808205, 0.0409307668346571, 0.6084241544174158, 1.1608327138499843, -1.0077183753074201, -0.2568138307120565, 0.7423282337063334, -0.9237801084589224, 0.2446765253662346, 0.5593531483207487, -1.6213188348603078, 0.7048408747236211, -0.4363967484585488, 1.2710093518901109, 1.1587576330265603, 0.9439545229896373, -1.861517867479741, -0.8559771083443108, 2.4019877649192254, 0.597285528610152, 0.8391595021302772, 0.294346822767808, 0.7458268513294505, 0.7338472716065123, 0.27422892205198796, -1.0229867230273653, 1.6678261478275993, -0.3495254056145392, -0.05180866749063316, 0.028139794489063792, 0.43858147676589854, -0.008425642748721093, -0.17720442672090592, 0.4240247489471186, 0.5023941375764509, 0.05297390638298733, 0.8774537375340664, -0.44283307728819077, -0.12060939820362752, -0.3500429985829953, -0.5044754329681606, 0.6712883430542376, -1.1504044447296695, -0.935931469749246, 0.7390190235164483, 0.15224258751233957, -0.30929259157209904, 0.37499706741727273, -0.8939070388479736, -2.0077422410045744, -2.2533993925724234, -2.4258628066454135, -0.6034895095169577, -0.8066754249220024, -2.1862468598114067, -1.3177333783401013, -0.5064399878838485, -0.29875088916103226, -0.08581921077938695, 0.2440049950704564, 0.9456365163242709, -0.07152990316506753, 0.5190869358721575, 0.4163052063995779, 0.1274861861590797, -0.512460116702058, -1.0467798803335933, -1.299835983093567, 0.2888158396607055, -0.08581921077938695, 0.7217106905627232, 0.6214370071954124, 0.39465334748829856, -0.26746291057043914, 1.777692024633051, 0.5495187229255867, 0.5665958754908172, 0.6148641232651677, 1.1595785997865258, 1.8207327553134793, 1.5780467255847, 1.3063515657423823, 1.278174217136971, 0.6410624830819821, -0.5320152120942001, 0.6247117789874039, 0.1781718496588767, 1.4353825380746486, 1.672353968248991, 1.4843521527204606, 0.47660028404034793, 2.327302786085734, 1.9383846355230785, 1.2444944289553943, 1.1609659640093275, 1.9096580319049181, 0.6749467961911009, 0.8834663156627672, 1.394848255076071, -0.03665163449484228, -0.08636781611986709, -0.8524099500605707]","[1.03611940841937, 1.520211462441459, 0.16426568731947297, 0.03278778260705637, 1.3981106454243744, 1.1695918622181738, -6.530968248860503e-05, 1.4585383976817532, -0.9597033072431167, -0.7306803204472875, -0.07322493095935116, -1.2972280356116426, -0.2822653326171602, 0.3580334760453789, -0.49096466034911246, 0.343431660090151, -1.0639706353737608, -1.7993534774497162, 0.4094833218086737, -0.299179545626687, 1.9236644428070027, -0.2875490518825371, 1.064264004577082, -0.3178971298827625, -2.4531863354589283, -0.3024912099269722, -0.0057427346601623104, 0.09115406191617403, 0.35608461630499766, -1.3456138308419268, 0.3267823399261971, 1.2753748051946372, 1.0506662553695774, 0.49947498976830546, 0.31419608215508316, -1.3390628608153883, 1.070835513718532, 0.4885320474133587, 1.7002901633310599, 1.4286856940632304, 1.4131219276261644, 1.2047640570879403, 0.3797172656198007, -0.971111778342208, 1.0058655669701984, 0.02470910680887837, 2.609685827255923, 0.7998276672098426, 0.9860840506976825, 0.19690909005868873, -0.2938583067418333, -0.18101722217351277, 0.17405648749101602, 1.2188401531908848, 0.3101685122296747, 0.2731896685252944, 1.0080436994912163, -1.6985998658457748, 0.37856032645367577, -1.7167925073753119, 0.26136391794854646, 0.09007704099134292, 0.3236622665216451, 0.9138894324910471, 0.005820552800941291, -0.5568973408171248, -1.6149597908113198, -0.9685278151578538, -0.7497064253266073, -0.11603466661268783, 0.1027268235190306, -0.7855251204579379, -0.6466238865897854, -0.8807360903089969, -1.9415326269298079, 0.6112000234417737, 0.49711549800537436, 1.1448898032860666, 1.6946352479289175, 0.8365768946187316, -0.08799827984976152, 0.1612714074095692, 0.16849994375242686, 1.6713053654406411, 1.19592684796199, -1.042207156483658, 0.9960346845859941, 0.7957392301459808, 1.354116306925519, 0.3845184909002389, 1.1199359300060325, -0.13094394717824204, -0.21882640538078119, 0.9447463414579881, 0.9192612268751024, -0.0772783734250416, 0.8421400316108623, 1.839139384357537, -0.025075858886439973, -1.768683904269912, 0.2118844245249668, -0.8683870736865733, -0.8149468874008261, -0.4973563243594735, -0.8506968418536419, -3.801185419333915, -1.1065104912525225, 1.1288054355487667, -1.0885995406210913, -0.9458951264170312, -2.326443401493743, -0.6942297079877053, 0.9673390013297707, -0.44446511522256466, 0.6060344612960887, 0.04957861149858624, 0.651114025581614, 1.6461274112907562, 1.378990129431109, -1.7017262503448856, 1.0085880795048712, 1.3244714848011838, 0.3204407821589626, 1.0054929287302712, 1.3935245445326285, -1.1913296680299879, -1.674147429730743, 1.1640862902245261, -1.414583400829151, 0.4351317869188836, 1.128034481798699, -0.07221581073343362, 0.03806121336647608, -0.953472698871524, 2.1736038904137724, -0.17271324134385402, 0.568876879380443, 1.0985312932602647, 2.1211672933351338, 0.4208301643539678, 0.27080622488277145, 1.1217220036758104, -1.6667183606116693, 0.18289559515625042, 0.7528865466202022, -1.8968031068144395, -0.4125762387418318, 0.2818703840262618, -0.008974565922912618, -0.8669088625658485, 0.5700291834710632, 0.9296222547704254, 1.0656449388081684, -0.3935397897617518, 1.0351864105466055, 0.10143962573332456, 0.3492771201395079, 1.2282774502061036, 1.6115554402879493, -0.005635875741884099, 0.9951029328106198, 1.2166053096760432, -0.12686126040620196, -0.5922464623720026, 1.9710305886589807, 0.7884783313928077, 0.4568602287404126, -0.39183039595474467, 0.9325788629527407, 0.38190942228937586, 0.11263687666875512, -1.7337055698968735, -0.3632745041993562, -0.5952765363122695, -2.1747735451226085, 0.1691053000452253, -0.1781842890367312, 0.6073672628647752, -1.7972672284061646, 0.03207531633367918, -0.2213393814881113, 0.0912721783976225, 1.0188362404851437, -0.2907737453943289, 0.3713426011250105, 0.31014850039810093, -0.6657575930365667, -0.5823118608978505, -0.07871941420210263, 0.7938169784050336, -1.2727266271834576, -0.09299865620967739, 1.0137159370707574, -0.35808260801547, -0.4954029182367481, -0.7476229379374093, -1.3815607880673244, 0.10593690702327087, 0.876958645480249, 0.7792222555235816, -0.5460522192617135, -1.8516032717822655, -0.8285924970064077, -0.42532129787211126, -0.08262904534581116, -1.0316489488932739, -0.35776049271004406, 1.1019213056541644, 0.38776438713686556, -0.7025337750915936, 0.6462093075716446, 2.0199555766133757, -0.9082385908434735, 1.5859668582934296, 1.3040950564844482, -0.43502618001441273, 0.5398029339703481, -1.311327500671059, -0.8794360044126781, -0.605023104660324, 0.5384536666044281, -0.5563256292426125, 1.0319617131755272, -0.7326262065688582, -0.2020316303725773, 0.5282761667922394, 0.5812429076699099, 0.05792624530530077, -0.05767471389839317, 0.6765809575850978, 0.46843945088511296, 0.6200444940675667, -0.386892146078027, 0.3661060196740718, -0.2134931565925106, -0.3528967613645853, -1.0975647665476147, -1.9612812686833538, 0.22481846202633202, -0.353447746684116, 0.4300011232215212, -0.13193373181148096, -1.0189066081374505, -0.5635781042310063, 0.22921099088925634, 0.07305083485013233, -3.2077778693262218, -1.032243993350826, 0.23080096926549615, 0.07960148677616581, -0.4640023415501036, 0.24189861056495796, 0.45971929961898894, 1.0952811671242753, 0.9613206548886932, 1.4722206784923155, -0.27050534885742655, -1.1348586236063767, 0.24363946765298472, 0.7311484145602151, -0.9458418204050413, -2.1766383003512235, 0.37539219590647965, 0.8351909773614707, 2.1060159217990977, -2.199762137531372, 0.28737009328529717, 0.35959111718734205, -0.06098870012031148, 0.7498295658022651, 1.542344224580305, 0.3354015539094872, -0.6414812433371536, -0.6849176142470594, -0.06808460245203223, -0.1180584564647053, 1.7666979920966395, -1.1963260674561786, 0.5568976168434789, 0.41166156034724494, 0.016499445229001885, 1.1539457968189029, 0.4742879780462124, 0.007955165160896992, -1.1133819787543482, 1.4844914384919299, -1.0096629757715743, 0.6439731882673957, 1.6995158610461527, -0.7935864342056945, 1.2523892647185015, 0.10965687997594199, -0.1478221665276612, 0.18542536141452254, -1.2722482157237736, -1.592947967510266, -2.0030891995420173, -1.009014734147353, 2.1604686399089363, 0.5199913947507029, 0.3623761301649406, -0.2213176431125845, -0.8052454059559448, -0.8151993451654165, -1.950436652707792, 1.5319192103883754, -2.807698877467635, 0.28234315808980115, -0.04049997539079397, -0.8536288875727059, -0.4254450799902812, -0.9539467568954314, 0.25353145407932576, 0.6651902620515134, 0.8625167366218774, -0.31077116242157227, 1.0365793631110511, 0.04351323304383741, 0.9805789089438245, 0.1838236565137898, 0.7385057054100677, 0.9986746469621427, -0.5767655152588245, 0.709503574260335, -0.7767390664366278, 1.5331270372444181, -1.227775775366907, 0.7504602665648629, 0.24931071913332298, 0.8920318906223522, 0.258240146338354, -0.06667695687180149, 0.5499504824113073, -0.09650635295825448, 0.16613588149091232, -0.18472482810560528, 0.8137254012181099, -0.05367908589571784, -1.1231172483490157, -1.4390001620466015, -1.2031870792670971, 0.33432437222473493, -0.8076251850256647, -1.2767343161125972, -0.6827336350076016, -0.7392639765156239, 1.5588645474499696, 0.08786154530683987, -0.21064349122076587, -0.5003522397685589, 0.6890192588754995, -1.2031870792670971, 1.9454892882619284, 0.20719669096881174, 0.9452647965812269, -0.2541355422779356, -0.2566132970550081, 3.168776290979356, 0.4323975650082035, 0.7983393332286074, 0.44348025131475033, -1.018459720108398, -1.493269504697077, -0.27804389698577053, 1.2173555856452685, 1.8545870028069873, 1.5563019186284424, -0.5031977933244116, 0.08183456040026621, 0.20359468612991968, 0.17628044640108828, -0.19891370333458455, -1.349667974587969, -0.023628204259486515, -0.6189052741194737, -0.8779605674294645, -0.6037402057155858, -0.37899702563826276, -0.20379384189021713, -1.4239391170871387, -0.847952418925727, -0.2733696814352265, -0.8593630655321222, 0.9113964593681764]","['v41', 'v27', 'v84', 'v88', 'v34', 'v62', 'v54', 'v9', 'v5', 'v33', 'v100', 'v92', 'v12', 'v85', 'v95', 'v59', 'v8', 'v56', 'v65', 'v64']","[np.float64(0.11384665088272224), np.float64(0.10299452719357798), np.float64(0.09537756546811267), np.float64(0.09091549757506664), np.float64(0.08629219983880762), np.float64(0.059874548990546846), np.float64(0.03258680872994159), np.float64(0.03171673756649861), np.float64(0.02909948835748002), np.float64(0.027636448298012647), np.float64(0.02131614488846812), np.float64(0.019045530040483944), np.float64(0.017623500173440693), np.float64(0.017284355662185835), np.float64(0.01244963224381118), np.float64(0.011598002701234737), np.float64(0.011280406626013385), np.float64(0.009390229085366271), np.float64(0.008433442549850304), np.float64(0.008122756961540448)]",5.047645616052593,5.185112473399548,5.232000407721399,1.3126058044405318,1.162618598733608,1.2769066231847943,1.178304388272208,7.028504051571025,7.028504051571025,7.028173392454875,1.7440292200203036,1.5241446998154675,1.6690061202904707,1.5164690304965307,0.9111479318966025,0.9370500686596969,0.912805619891891,0.03594814331632578,0.021239881110678482,0.00934839321621633,0.0029813400292487136,4.138267916520599,4.389848250512169,4.3342984236016715,1.1288001264804333,1.0671150763104857,1.1380265428782343,1.1061400158449983,1.587325378708943,1.5864782753420255,1.5880087189400596,0.7014853459960348,0.5987575818428043,0.4807973035832164,0.5347773198966415,0.9489768859526607,0.9954594463122874,0.946126847008838,0.18347614392914446,0.1632060287674259,0.19385262244375226,0.21175105388946092,False
m239,m305,"['433', '434', '435', '436', '437', '438', '439', '440', '441']","['514', '515', '516', '517', '518', '519', '520', '521', '522']",m239,m305,False,0,lasso_no_out_standard_k20_lda_nc2_sex_on,lasso,lda,,standard,20,2,59,9,9,True,0.0005660388269461691,0.9994339346885681,0.004385875537991524,0.9956141710281372,0.5238365530967712,0.47616347670555115,-4.026902063208895,-0.2832656888322136,0.6190788831417849,-2.157437947416223,0.07987085578282287,0.057203991474572814,"[-3.6202165308250476, -3.0993234361401094, -3.4106996902690394, -4.460317492980482, -3.9296411719145405, -4.831280077808386, -4.817751364403948, -3.7388241415280437, -4.334064663010458]","[1.1751817757561247, -1.6850351477464058, -0.606744833605834, -0.6365824870975962, -0.1038882941319869, 0.6830845528872332, 0.036036938251907395, -0.40483785570583053, -1.006605848097534]","[0.9210655602232276, 0.8839543348300757, 0.16153707040581924, 0.775773780219797, 0.12132022053390665, 0.5032138244950803, 1.1641383841080084, -0.022397609244380702, 1.06310438270453]","[-2.2773223817156376, -2.18522646279286, -1.107379735178644, -1.8650157277195318, -2.5547023491195118, -3.810882337566601, -2.5990556807672984, -2.093985636286136, -0.9233712155997882]","[-0.44134508888921326, -0.6645410074379364, 0.9887489230142841, 0.8743587292429963, 0.6074055524559602, 1.441702020391056, 0.0757297576831081, 1.6753139539451078, 1.2447498849653025, 1.2471943242718215, 1.2881329523875356, 1.4874939466950514, 1.9754398691307657, 1.8104423292691776, 0.9625108083671382, 0.6946414949315203, 0.7828386506275933, 2.2995703025644176, -0.2425766698972529, 0.3723899066954795, 1.7464925778822973, -0.9652199082131161, 0.4325139745393493, 0.39009245053627417, 1.1432055478567333, 0.8541541212687075, 1.156022926236054, -1.3238264253237562, 0.03265812488340907, 0.03468595653073842, -1.0765438955360835, -0.038797525960268614, 0.750876139507759, 0.6998445287133014, 1.540554612974997, 1.1189106964822466, -0.38119229844107333, 1.0276488713328558, -0.41545810639489206, 0.2872041660196459, -0.057460175609530706, 0.5031055972362127, 1.4655077733376654, 0.9597162533231884, 0.23310950041693027, -0.6961018871895164, -0.3654725896995952, 2.243620617124669, -0.1158275913550642, 1.1056951991841593, -0.5846701966820653, -0.5566785164200492, 1.9364051717487154, -1.2173879935937244, 1.1241214007211742, -1.2362202070002315, 0.6567211272295049, 0.07572897467905311, 0.15263117952676764, 2.7046187991252353, -1.3538087057101704, -0.46062384452411753, -0.9491372852299793, 0.4441980854861235, -0.8301988164381658, -0.6782804097279453, 0.4049289540145447, -1.168184908425633, 1.3926953475054418, 0.20901613801702212, 0.6855537553254208, 0.4913707760004857, 1.679813667303035, 1.1894161194394284, 0.48645996528536783, -0.203965453389369, 0.9772402656476894, 0.9340492470038524, -0.7809712329521528, 0.8459988814462741, 1.9473929763003557, 0.6122746052826918, -0.452048899598016, 1.6382599753347777, 0.3916790430224501, 0.6398161317185728, 0.36434523093379534, 0.4593832727436921, 1.9799457326035987, 1.442239209316177, 2.2784134363975794, 0.7990678196988414, 1.5817303179501077, 1.3283186223511958, 1.929352713848024, 0.5652213955369645, -0.3739000916577196, 0.08342017983191193, -1.500849216583425, 2.2778038689950293, 0.6449706244890403, -0.562652430503597, 0.11648110734734131, 0.2922692883739663, 0.8674066388325563, -1.7452268151732917, 1.2965023351926208, 0.8329847037705076, -0.11699233879756317, -1.332020016498149, -0.7829630242861185, -0.8434919665338672, 0.41954326140119647, -0.21378280476440267, -0.6029377060620627, 0.2841847598218152, 0.21108655300155965, -1.059863673701126, 1.065517501782017, -0.5619942387839977, -0.540908811192075, -0.6310868270353556, -0.23100194795029821, -1.2883937371823284, 1.6394738438997598, -1.355579384588802, 0.3800360407359992, 0.38604836992812713, 1.157325195534993, -0.29816541307150535, -1.0269894402960156, -0.38564648467154955, -0.3621049747261409, -1.3910762271757862, -1.2996960735842633, -0.6144523057807123, -0.5922539394603143, -0.38147562329296636, -0.979292984182408, -0.3452504751727889, 1.0865725357133467, 1.7787911824766838, 0.07503880992547238, -0.5584056359114594, 0.04294657498747361, 1.7045999500088935, 0.9574843868854412, 0.4863875412814671, 0.7595657635093918, 1.0821299406275744, 1.3052429309922324, -0.3047014146579617, -0.9478870955850194, -0.3131556091756095, 0.17947154248167166, 0.5155437389275028, 1.0884909794575393, 0.8361190901510732, -0.2569884998507315, -0.5402566790765859, -1.3296883992949293, 0.13519179151878932, 0.7059461862904662, 0.9053048229873408, 1.0110809974210755, 0.5570396004377021, 0.040566947516778584, -0.5661607022717327, -0.002275888677171554, -0.18973603425913457, 0.5243393989875162, -0.41822009919778425, 1.2839988354824263, -1.4868565550778838, 1.3385244600974107, 1.0156337911920255, 1.2947142678780752, 0.07695334504635899, -0.5926176935479965, 0.5186023174836389, 0.008480838738089948, -0.3043818978175633, -0.20732475039982792, -0.16227418602568566, 1.2177760766587655, 1.1242878191209729, -0.018737681525064834, 0.26428040991466817, -0.19991553450693544, 0.11736628308993305, 0.008665921565319284, 0.38448412905293666, -0.4770544902677083, -0.40023857348216635, -0.19429083105101344, 0.17576548281086044, 1.5179739251563102, -1.1306013772108272, 0.8141134775139683, -1.681603360061341, -0.47848601812056557, -0.022267080939815043, 0.46159428359693055, -0.4101491309012759, 0.241813621442375, -0.7015983161873008, -0.0828813445849708, -0.15802737379180926, 0.24758720190939085, 0.33565455073069667, -1.6422731028010573, -0.32314118530842356, -1.2578188244952573, -0.17814881572449154, -0.13981925732091524, -0.7951671095059429, -0.9886299160034209, -1.0086454577323725, 0.8682640307968178, -0.22348913422783961, -0.23760750242155376, -0.7465330083179643, -0.21621042314280767, -0.7261035110785161, -0.9230848077751076, -0.6366408810976809, -1.5869941391924423, -0.5699639588351182, -0.8779184523275828, -0.9346003123152359, -1.7426241339981319, -0.15784307451914048, -0.8986566456911536, -0.8502221713621333, -0.025753796591754887, -0.32498575952954606, -0.5728553366135141, -0.4014734467222754, -1.4437658071522372, -2.346441475616429, -1.760594010648548, -1.4634210706528532, -1.5130753908601977, -2.3572412880758216, -1.9021627270537653, -2.927741036781806, 0.7207137040352177, -1.240791701379567, -0.6833402408701325, -1.77635964525284, 0.4887725169602548, -2.7128537849637366, -2.1313178178635006, -1.4801684245874862, -1.5215124357678405, 1.1302352933567137, -1.6214873627030852, -1.8721383917326215, -0.7908324359811575, -0.7242457316372772, 0.44108402288991816, -1.292051083419837, -0.4106515207077014, -0.6571628030575232, -0.3854295794087525, -0.5321390992335212, -1.1439457660881212, 1.024411605684634, -0.7240099973113725, -0.3169098232505796, 0.08075515979540128, -0.18378526907250722, -0.8477465119945696, -0.18562114585255998, 0.5793944300112885, -1.532983892128148, 1.6343410661264557, -0.4158317595120613, 0.7662637064096843, 1.6884892387664259, 0.9839326801569569, 0.046223332108702705, -1.0901229898420013, -0.7307755656041358, -0.258774376794532, 1.2622210591985352, -1.3717412853709383, -0.12074887613893248, -0.18103099957773458, -1.2698743262274075, -0.5558813517891259, 0.17365521932007452, -0.2529227134213707, -0.26162622975299804, -0.4072246992949862, 0.2337204886515279, 0.9034331761128415, 0.9411920208955822, -2.516809416654169, -0.8505624479937814, 2.348664858315245, 1.1945777852029216, 0.014226144539537784, 0.2825352393431509, 0.4907385622191738, -0.46377700688402296, 0.5139660527368597, 0.7742582205832436, 0.48789039854134425, 0.24533475647494665, 0.5654754410636316, 0.6421590296839917, 0.1470888881025046, 0.40360498699127084, 0.3984534387183333, 0.3191076631329043, 0.40305215704333847, 0.857757848193174, 0.7366475298500769, 0.33324164563306924, -0.1535247115087891, -0.4989669033241998, -0.07223520171868865, 1.4668317748369426, 0.11463337457503572, -0.29688482512120046, 0.09879387599750412, 0.6674722020743522, -0.3590226119206558, 0.6968440573390087, -0.5928460052102885, -2.1708927424277964, -2.9268851690506, -0.8360773035598087, -0.664545694116982, -0.5790123048217853, -0.11486862316403898, -1.3878515376667846, -0.5941424948451387, -0.7855285462884968, 0.8653625455990918, 0.6136599512524441, 0.6942920745819197, -0.3653282464802513, 0.8805198313532461, 1.5844197685929773, -0.2367057976542095, -0.29131680504472024, -2.3893373865378384, -1.166451728169782, -0.1789388620326074, 0.8653625455990918, 0.0743226458633654, 0.5468900668515418, -0.09178661534227604, 0.6429609169290221, 0.0724333872825142, 0.14039301108121288, 0.5237024693974743, 0.837413578135566, 0.8714387858765361, 1.740603388457135, 1.8145727096199644, -0.16410498965725862, 1.0475001751208808, 1.1490563874293016, -1.7926939469880152, 1.0721310328778977, 0.4990753802043516, 0.6260144125549711, 1.5092834724623794, 1.11056548797558, 0.609006367647751, 1.9818406317948645, 1.1744174518679307, 1.2280055847111453, 2.231306921792269, 1.578355795174818, 1.4452683964386637, 0.8471469690591867, 1.0497118115955888, 0.00566218363671181, -0.010895153883399386, 0.23443294770019302]","[-0.8139338400658019, -0.30788808129162354, -0.678049880352146, -0.4070647379952461, -0.24194704245410104, -1.579314824388392, -0.2576438273543888, 0.041527913172220376, 1.0214345715996853, -0.414136148372257, -0.8606212047508656, 0.7931105854602829, 0.7428112706197978, -0.8537078615992428, 0.8657932949929362, -0.7824206420188501, 0.09321823489797969, 0.6460195185898814, 0.3577528918485888, -0.09599883611748802, -0.6347643862847591, -0.01893812528478159, 0.5118311126981328, 0.24642061034894416, -1.4830304196861483, 1.7819509165932028, -0.08479269298757701, 1.8192808031943843, 1.9120856887323834, 2.10305979553778, 2.1396360962392236, 1.4768526553381491, 0.4784648401409885, -0.6358097226270046, 0.7053388835990831, 1.629525397475545, 1.0534833521944806, 1.0836630915803882, 0.7447070553038622, 0.48461808592436684, 1.364899834184624, 0.3394440286952672, 0.3532695306395712, 1.2840193212826363, 0.9307633914325452, 1.7606614634535893, 0.7351575987994619, 1.1544555005923745, 1.9558340484577146, 1.6464572938917943, 0.37308424517066335, 0.7556685184886036, 1.5316306981052126, 0.04987670604055073, -0.1892576965508542, -0.055988989185657645, -0.11293461433532868, -0.5131629202341377, -0.6530695540448439, -1.4719031443899337, -0.03613856888448245, 0.23658154165674014, 0.17984132747846507, -0.1513110329213632, -1.3866924436033778, -0.48438822565771006, -1.3673114122898522, -0.7181371732225581, -1.066282251355725, -0.6530152549770005, 0.0360820080441993, -1.1449424001316986, -0.2303430552975514, -0.05419136660083749, -0.005662289606041076, 0.8991254325525194, -0.4357815821083608, -0.04270464030264157, -0.3277012845834615, 0.2145459541305723, 1.1656650035249512, 1.013130795544663, 1.0691681666234347, 0.6048018393359609, 1.6285071200834846, 0.815017226920398, 0.6871626155842967, 1.0980251337827367, 0.9697141101703395, 0.9157391987794681, 0.3611557721453094, -0.4598769876145469, 0.03815765208544066, -0.4921047688358128, 0.34021901504824537, 0.8492132077123158, 0.5313470372152892, -1.7377398235096253, -0.008802607608930544, 0.34511413599212654, -0.7828728176500623, 0.4244897166616088, 0.26183664018881475, -0.15177919059032113, -1.7007126375313832, 0.805663566198458, -0.5193549996543463, -0.09046180102242415, 0.7433294266088394, 0.07741352354270249, -1.4508073025291086, 0.006491282814672491, -0.43986617540532685, 1.0898178039898805, -2.069841173233703, 0.6357922120768095, 0.6466881070633294, 1.565331905155774, -0.7910869291524213, 0.12145366030870171, -0.07646690279838265, 0.005943885011904347, -1.071351245133391, 0.0013892324479447226, 0.29382361566830595, 0.7574120435148911, -0.39796169289548966, 0.07511036120946923, 0.1371858655875214, 0.6943950516591656, -0.44800231812057667, 0.6244477273463256, 1.1021276069207535, 0.6013208939779584, -0.09060441129095222, -0.05187748130461645, 0.568209975638588, 1.04279772981422, 0.5479839269023897, 0.56217340779564, 0.16327999407282764, -0.8876478709395589, 1.472052597953666, 0.5755656069829042, -0.8330511719554556, 1.0769492103288472, 1.7657082953299263, 1.1560673003542459, 0.45172699963227997, -1.5769816387014564, 0.7161599506565528, 0.05589195715654018, 0.7666935165482893, 1.358302664270021, -0.4643167732742067, 1.0101971749087568, 2.1285671742306254, 1.3985565666592292, -0.28231947287096126, 0.5720504884376454, 0.4762773140696331, 0.585307835300715, 0.010953338046444295, 1.61330858629568, 1.6923877774855909, 1.1109102114961638, 1.0241701336994897, 0.6816886716747041, 0.3283434521938494, 0.0750555004216371, -1.1141082791973773, -0.6809209437862169, 0.9747015117759448, 0.9866406431759396, 0.6358100252360444, 1.0522378094872908, 0.9932899173159874, 0.5043363292393576, 1.2899649742053432, 1.319442572776925, 1.5714281186718841, 0.19471805553164784, 0.43498156126168636, 0.8724045998309808, 1.540551262882038, 1.214502607282941, 2.0335558342568185, -0.6383752255801974, -2.2816720459803217, -1.4972644156612909, -1.2621431877959055, 0.05595889689063601, -0.47191667909691165, 0.17619977037047385, -1.2655860253271554, -0.6745656588533296, -1.0840962412991755, -0.5657870156100214, 0.06969109500391499, -1.1469908086419973, -0.5469918390195342, -0.46782193045263176, -1.11360716344706, -1.0878126455592703, -1.8826574346959117, -0.07105193181814623, -1.781047156261314, -0.41344643886597876, 0.21262873526403595, -1.1684680584474036, -1.8266001651147337, -1.0342550784965876, -2.2564722722487423, -0.9262060002112348, -0.8582417482907886, -0.42451572681319766, 0.27317856354601, -0.482698393659007, -0.6238250613438967, -1.284572045105225, -2.279409216881771, -1.9633904927990815, -2.2997653669984386, -0.5770086444002396, -1.783466302326496, -2.1603674464952256, 0.041919341791433536, -3.5087098254011235, 1.169531365712017, 1.8782069738353249, -0.7089654188609233, 2.3931875907228126, 0.9635524052471756, -1.2221799154742237, 0.34626701298472706, 0.9250574743827212, 1.3419215663569735, -0.1583741524392149, 0.052346832578545575, -0.8792147658434936, 0.29454615752010166, 1.2962078575621474, 0.7125850798173403, 1.9749162590488034, 0.5227874620935055, 0.4696201474240203, 0.8698011706248301, 0.07346518182017694, 1.2946900435470288, 0.5993917804524432, 1.6686556271979938, 0.6075540332640331, 0.7167749035645069, 1.3938428771622777, 0.036018823997108845, -0.825525336772855, -0.8281579888699202, 0.2917202862216471, 0.4462508915962448, -0.565203921022496, 0.268184353882226, -0.33179333678666995, 2.34095134184427, -0.24449737276931172, 0.928915662268891, 0.027608686828398583, 0.6369603432754062, -1.9799612184239659, -0.509121640444265, -1.6095725897579145, -1.0056063526186, -0.4231425823956747, -1.4790540818941715, 0.2945429874703886, -0.2415586782851736, -0.2591307739630855, -0.8134566206584101, -0.6184664774337775, -1.818673558551079, -0.6853916370149924, 0.2297094670474907, -0.5139333541931597, 1.1552652894026443, 0.39677211797498746, 0.9163937643367124, -0.8443160804380843, 0.8134981917256278, -1.5036868688893965, 0.3131556261387186, 0.7531539195891023, 0.10485031460920374, -0.3539685268628193, -1.4998632623215682, -1.4631688734582131, -0.7885769366801897, -0.8345085556371442, -0.9387385087126621, 0.4474596239761593, -0.444014767923604, -1.2929777787590513, -0.8853385496792636, 0.4374408692471435, 0.18885915188858549, -1.573684035440425, -0.9213250780702713, -0.23800329540175752, -0.3021510180600049, -1.482097541978591, -0.5475517049214539, 0.08605145971154501, -0.7889775548972022, -0.6625340203690769, 0.316247370588091, -1.0448288454676464, -0.38724299833163817, 0.6794362552484089, 0.16686519486651627, 0.09831849081327224, 0.5196215164367487, 0.4245088215768457, 0.19458125770503656, 1.2231252459512607, 1.3900618914940948, -0.2348429566989825, 1.1224172747239334, -0.5897752893625495, 0.2878542581488014, 0.8865789755947283, 0.44392354200031486, -2.3947885540618654, -0.2654239056884958, 1.0943550438884413, -0.6196142972285988, -1.092078407924207, 0.12369955844717416, -0.6593798841807426, -4.130449002673076, -0.15967178845524116, 0.05459872430441531, -0.9371971648282704, 0.4445555401418209, -0.09156750355771154, -0.4327330589065884, -0.4617139192675829, -0.34202516184092563, -1.1379831126588382, -0.10293262066432898, -0.7198194502585323, 1.5027956523998018, -1.3283828190321498, -1.4355719000617069, 0.4445555401418209, 0.37777520966990846, 1.1027423924207127, 0.6213919162451923, -0.8731502926241157, 1.404322453255926, -0.572488291865512, -1.5322289233767927, 0.6339840989259379, 1.1228974644801355, -0.9404396979173174, 1.1973808163880633, 0.8559363818378811, 0.3037060890938852, 0.6592762909467049, 1.3519110635876646, 0.7590211327302254, 1.1254099069679673, 0.4729079711261117, -0.28262610470365485, 0.4402035045659582, 0.5272469230590386, -0.45093177152236325, 1.1151684689528625, 0.15999912056500168, 1.2806767318998382, -0.3094686915715461, -0.09402541512174625, -0.21295771586871146, 0.12549798604044438, -0.7548089301851935, 2.1422967032127844, 0.32705860640494294]","['v1', 'v97', 'v3', 'v56', 'v76', 'v41', 'v58', 'v9', 'v88', 'v2', 'v4', 'v5', 'v6', 'v7', 'v8', 'v10', 'v11', 'v12', 'v13', 'v14']","[np.float64(0.16406154978515936), np.float64(0.07643122692173206), np.float64(0.06834902127349464), np.float64(0.06305499991262789), np.float64(0.036691220107516694), np.float64(0.03356506764035663), np.float64(0.01788639978934466), np.float64(0.008033000254434326), np.float64(0.005756785841733932), np.float64(0.0), np.float64(0.0), np.float64(0.0), np.float64(0.0), np.float64(0.0), np.float64(0.0), np.float64(0.0), np.float64(0.0), np.float64(0.0), np.float64(0.0), np.float64(0.0)]",5.00975654185904,5.118458488413183,5.181439610508497,1.3584084608693119,1.3115944955202576,1.2157212657390897,1.1591350215531189,6.520153204934688,6.555277994495482,6.525846756851789,1.7656921290004666,1.6896206888628995,1.5032820145974397,1.4064389987111958,1.207692058058447,1.210552208676888,1.2164110272794089,0.051884994872341474,0.029159270381757585,0.06771115840193004,0.036139213432140826,4.645980946350679,4.656630745832193,4.659889701751271,1.1927242038846242,1.1449953849296215,1.1286949117222536,1.060332445594159,1.7678819463164186,1.674541135802789,1.7137324241139282,0.8418810529140509,1.022958315266616,0.7684732185838907,0.8257151182967315,1.114836848613828,1.1736628997375642,1.1042392439268085,0.19833423362381145,0.18091885370642274,0.28236363215774407,0.26867151859523064,False
f520_a,f520_b,"['458', '460', '462', '464', '466', '468', '470', '472']","['459', '461', '463', '465', '467', '469', '471']",f520,f520,True,0,lasso_no_out_standard_k20_lda_nc2_sex_on,lasso,lda,,standard,20,2,60,7,8,True,0.9979768395423889,0.0020231876987963915,0.9990485906600952,0.0009514490957371891,0.5238365530967712,0.47616347670555115,-2.3240879521612303,1.2114755696653818,-2.756922727497352,-1.1746825067884792,0.09867490289002943,-0.0038255911713638755,"[-2.6038865212443447, -4.218105419759431, -0.7945774114027164, -1.6995342753633647, -1.7035314522211311, -2.978551771759235, -2.4889320169945943, -2.105584748545024]","[1.852899654867906, 0.6248312392655623, 0.45981220718936633, 2.3141602173356173, 1.193132009582722, 1.2357072538731435, 1.4453391545062528, 0.5659228207024851]","[-3.118960772447323, -2.932351395720443, -1.632815071835666, -2.2866812491096042, -3.0667744020628094, -1.9270276187878026, -4.333848582517817]","[-1.4717044617005965, -2.425377363603253, -0.71342200848477, -0.5470926856801388, -1.1497326802577728, -2.1468705829403585, 0.23142223514753393]","[-1.3744029809910858, -0.3080364195278956, -0.8688628942795242, 1.4670591156993655, -0.6507091924888903, 0.3119041929599206, 0.987792175096842, 0.8101812941078733, 0.7189658210139083, 0.5530514036337608, 0.360072981453889, 0.4243700383052897, 0.4493390711542365, 1.9729327667666243, 0.21148473089093636, 0.5094147661249726, -0.43924544365974594, 0.2574982451157526, 1.709632739152678, 1.1451062446717162, 0.5850636156222506, -0.19976878706106788, -0.20880926612146655, 1.5754732335970023, 2.176154291179574, -0.204053769034409, -0.01074764347923125, -0.7735441145108738, 0.32942872291948644, 0.6641499265348576, -1.6922842052116598, -0.6725711483476974, -1.184453801354259, 0.7926471468471062, 0.30184305979536774, 0.10048595496873268, -0.19325312865375796, -0.3662456848257147, -0.24166107587316896, -0.13167819836214603, -0.5282740206260466, 1.0806772989352347, 0.16298957116588753, -0.7953409440416902, -0.3482204370527985, -0.0410502566389474, -0.055308239198140735, 0.5173257476596953, -1.3022769600541042, -0.6579975891158468, 0.20312170429441795, -0.4121811781718973, 0.26537986325677737, 0.049691595414107455, 0.875128266650162, -0.12251206747375708, 0.5962883801646525, 0.018931395559687467, 0.5641842782440666, 1.9669201562099383, -0.10434467015911147, -0.8478906959149176, -1.06329681872666, 0.7576033216985748, 1.9115034289735937, -0.05431686793663553, 1.8504204939256879, 1.101431712579591, 1.4535607894448932, 1.055855961998243, -0.04804970833604061, -0.8603659338361582, 0.8137878290722801, 0.13755690880364613, 1.79584065146673, -0.3633134316423787, 0.07941040117232968, -0.8932420134314399, -1.1755976694324046, 0.28511097557575915, 0.31738416225543836, 0.8576318281770657, -0.35141707410341827, -0.3652966661823448, -1.178631143191039, 0.7619177262535918, -0.23972565848445082, -0.9837564940548874, 0.5615749481818233, -0.7446984424242425, 0.15475687245397243, 0.8497330512940091, 0.8553399921654294, -0.1747779380899348, 0.08579154618368354, -0.3561317899585296, -0.3789856659678777, 1.3501967190927562, 0.5677160457783162, 0.4961615584105927, 0.6377159738244046, 0.29182338906787736, 1.1155255395715917, 1.684163503576696, 1.7846239032598266, 1.6929984522320898, 1.0347597148392713, 0.3663729380544095, 0.40944002152989767, 1.259934967130736, 2.261277635753052, 0.7025833730646636, 0.28493202288945296, 0.7413001563428592, 0.44054950103749624, 0.27833975101880293, 0.024389756677610185, 0.5496181519381831, 1.012311266492242, 1.6442182238143508, 0.7867718338192994, 1.1238831780745215, 0.61202506398989, -0.47487000305244637, 0.03903948537723748, 1.2946046871117318, 0.03403209400042237, 0.08332011121024596, 0.5241285693577872, 0.0628499733679508, -0.3473368607410359, -0.37865284534015836, 0.46718809001910017, 2.761347929253581, 0.7006358897628653, 0.3950618031108544, 0.7459349621703383, -0.6231419397335806, 1.9116221569857141, -0.1803494838007716, 0.20760292590476184, 0.29024822586569005, 0.5644074454842397, -1.471306640443566, 1.2889416099258777, 0.9498080379907585, -0.5280304666914258, 0.4366208618366005, -1.1945153431714959, 0.8702621463168304, -2.060654821089587, -0.6594257730856331, 0.5960692356520522, -0.8645125654997392, 0.3129021527225528, 0.21951839394061984, 0.7948978354994861, -1.1522411608099181, 1.2623164703501049, -2.4880884236688585, -1.515245526907244, -0.6791489696207762, 0.6683938861767458, 0.31388450350989733, -1.7480886107648275, -1.449535465262355, -0.9837015286868499, -1.1624868144344462, 0.2635809005096699, 0.3478317982084606, 0.0718602647647838, 3.192563279876541, -1.4017551500083725, -0.029014329652980526, 0.11894331071676571, -0.47484486577695906, -0.09197923845396248, -0.006940008791055491, -0.2417472731536496, -0.5531650690644446, 0.05365614518855254, 0.19609386310607219, -0.150754084219749, -0.7200000218443402, -0.18069928538803082, 0.472210445875318, -0.3539012345916098, -0.20803893256127656, 1.3037953100079014, 0.7639844787543029, 1.237857362980598, 1.2706655312146717, -0.36445731451741825, 0.03497114840220441, 1.4213869080255463, 0.3174585688789214, 1.6839780657222376, -0.22517457803296104, -0.18735989787731874, 1.0444776420337196, 0.12246425150066709, 1.1703346418154517, 0.11469085390682672, 2.0762211230578282, 1.2033184291792862, -0.06297488441955217, 1.2849721272219947, 0.1167257993480252, -0.21205907655644285, 2.692536753985924, 1.4555280318975756, 1.427646709848987, 0.02524556958520083, 0.49083916266718325, -0.015442111729501131, 1.0881161421918326, 0.4814195624460505, 0.9501704852900131, 0.4799603010703674, 0.7133979442223938, 2.2649831065716985, 1.631972951941656, 1.476218059816931, 2.1150959532533617, 0.589778620039778, 1.4458449034884577, 0.11336660999104171, 1.1249518832837146, -1.5565801876571415, -1.6331186856224194, 0.3643896198969239, -2.606578529166298, -0.9876153804817908, 0.569294041896274, -1.6602651345533848, -1.3477448762338833, -0.7084461489448077, 0.8347325904041599, -1.4503348965291665, -0.9358845121594724, 0.2261185096455776, -2.492755294510578, -0.964150218326743, -1.4695702057388285, -1.2908700187101356, -1.0467150800161633, 0.5135550347325428, -0.9471847349766414, -0.981565379504567, -0.9223127808722282, -1.3409564896307544, -0.3840889780000563, -1.1004379858490057, -2.326131109541547, -2.420299562236394, -0.4133203118175354, -0.5800534468159554, -1.4360402894981579, 1.2916330985171682, -0.1330574133914809, 0.7707976723189849, 0.9348103175065666, 0.02269588664501925, -1.038744065696148, 0.3366277462387555, 1.356870833050731, -0.8186717067840276, -0.5687325342915435, -0.14632062390649433, -1.3973969657109184, -0.2915481826414348, -1.275966476212684, 0.8099426547366159, 0.309629428256352, 0.3906237689953468, 0.4829527209300432, -0.8135453277749074, -0.28189427709895076, 1.396064169008994, 1.4431955077765848, 0.43686114268700244, 0.9810148780001684, 0.8792974965218456, -0.4201451642463994, 0.889301591128989, 0.7963532190412879, -0.18821422870312246, -0.8154515054171937, 1.0535419122830767, 0.6012667178201624, 0.2638950542629991, 0.18626912078911007, -1.3541110227488313, 1.1223087448515894, -0.20015082927948447, 0.385351392905549, -0.16560099048020693, -0.06867063435810034, 1.0674215106389977, 0.01899188083901739, -0.27721881507798496, -0.4217106166327772, 0.4258658258669237, -0.18026297923147885, 1.0838226970276812, -0.6743461801955499, 2.051062678428176, 0.3085365699122074, 1.4852851767806052, -0.21778300220623012, -0.16487866394647935, -0.389965790922413, -1.1838764176350922, -1.7220503083367455, -0.7225861100075233, -1.8682323456331036, -1.1766750854230221, -0.796728427449273, -1.841713565579225, -1.0182202795387207, 0.3474147142563357, -0.4246153968842457, -0.3355047722681693, -1.8497868322829412, -0.032358408729547664, -0.9132065156228042, -1.1671318026762527, -1.7619680539429237, -0.8480827964333256, -0.8420412526315494, 0.2799541548624777, 0.7418932231358419, -2.3517364279919866, 0.9547169045785302, 1.6853443225786497, 0.8445622249917177, 1.7841229917546173, -0.6114215964049747, 0.1699487936943359, -0.13906205321683693, -0.3620585746530606, -0.40196327836906437, -0.475489037552162, -0.013584532397745938, 1.024189215666655, 0.9457050118577643, -1.2415663138701247, 0.2714879475117794, -0.3901737024732169, -0.1634299433295871, -0.9009796663056109, -0.3620585746530606, -1.4156489029952828, -1.2933072633940699, 1.2868625979284911, 2.5885812734044427, -0.9363447909874625, -0.8673825794994919, 0.6843265166200558, 0.2523692620260001, -1.0487874572867455, 1.6451959899243067, -0.34101766702078457, 0.30863543323194337, 1.0392029518462695, 0.5282403445659011, -1.5189230116607702, 0.6870634671288912, 1.1816060427988198, -0.85699205756541, -0.456597416660752, -0.8139006561908851, 0.08484491765959432, -1.0213781613323976, -0.4812132701214262, -0.3104885734948097, 1.705741685375139, -0.6041275463545176, -1.188612751657122, 0.47659586615352206, -1.004454330463442, 1.6833106720614965, 0.39733256543614204, 1.1940983562613858]","[1.4389008830215473, 2.3955282436346708, 1.0419681469491051, 0.8529377445040198, 1.2099510575326917, -0.13233813066638644, -0.4837939700722565, -0.9508506717752888, 0.2386215994130849, -0.5211915199360649, -1.9101596441867392, 0.4428582983481275, 0.512135731329201, 0.9006357618497393, -0.8470648773199715, 0.43489986894625937, -0.02208113567825282, 0.35457305556140667, -0.1974257590685574, -0.4793303837920398, 0.8892133251281021, -1.1746306753832072, -0.35863610890935876, 0.5672208142362073, 0.15532452367503288, -0.23600950945104723, 0.7002276834690274, 1.247968553117102, 0.23748923644672032, 0.8114496610089553, -0.7634556512959797, 0.5162009079208092, 0.1583508094797145, 0.5752944617950115, 1.7661416625642168, 1.1156814492732987, 0.24368917804637444, 1.0140444971137121, 0.4045118618233078, -0.36286960581504063, 0.63985941927898, 1.551622803275382, 1.6936667002087098, 0.5460676432097207, -0.7682410931100153, 0.6598361539682446, 1.249094497777517, -0.2551960134731428, 1.193834563352243, 0.7325854766160624, 0.9928201374503688, -0.18907893741617432, 1.7925310675026924, 0.21073834969240585, -0.5277543622533002, -1.4676338413336627, -0.5313970868574437, -0.3758616999277204, -0.9789537093414631, -0.578493693883356, -1.2028079959880222, 0.1843639819566142, -0.41756750558950095, -0.26040242310120965, 0.2283377857075204, -1.2653215575402714, 1.288048695888937, 0.19569463387431205, 0.10617133112469289, 1.1344100908854262, -0.0588436186406834, -0.011735258559217969, -0.9680442493931918, 0.705045195627737, -1.0788475337289052, 0.10082779660433704, 1.132719150707919, 2.103067806918143, -0.6377411414121442, 0.5797355228901154, 0.16325837735845394, 0.7159482753838499, -1.0391287724571407, -0.46603328351368256, -0.21131488427200845, -1.1072592415475988, -0.5615697904333476, -0.9022887850449349, 0.5844259035385151, 1.3765611516859542, 0.7672231241847786, 1.1931275794305718, -0.09279136858646131, 0.3562236585277101, -0.33984118905512917, -0.30550235682640037, 1.9880742008199905, -2.0499803937367735, 1.332456531389131, -0.760198645655722, -0.116970208976101, 0.0434927417308286, 0.09829637875953988, -0.6100491711987891, -1.8902500126319086, 0.707023691358005, -0.21534257412733313, -0.8728877449669407, -1.7975803166296116, 0.08429800123523942, -0.9973955051800475, -0.11210682961621338, 0.21183704789699975, 0.9684606398451263, -0.7997286928107606, 1.2652551805700998, 0.8294510066628019, 0.43351218588851814, 0.02760591493087697, 1.2444592163298307, 1.0571813612285936, 0.7614410470462994, 0.047763104029474306, -0.1405796573630686, 0.8138639151662624, -1.1865184422253565, -0.016217482360699836, 1.7570352829718021, -0.8638486643876618, 0.27522748192962476, -0.6100410066534092, -0.9515048451709108, -0.11931693509017359, 0.9516774773436315, -1.075705904665177, -0.2060462238298395, -1.2880735900647478, -0.467951123515371, 0.6070812881462679, -0.6993166778506986, -0.045037323724257, 1.8460668501828286, -0.5305245157324914, -0.33930746116571847, 0.3801795270772044, 0.6438843979726339, 0.12237705004489205, 0.018194861922849075, 0.03238353515026663, 1.2711652944063008, -1.0713707324188888, -2.671520796000409, -1.812407753646399, -0.6190281388407635, -1.0359552086187553, 0.20805955170943724, 0.562340302462406, 0.6266635115085641, -0.2644665446389886, -1.477749889128401, -1.2750523095047608, -1.3204877015144565, -0.7366374067325575, 1.1756463230777128, -0.13856735996287958, -1.1719747017630648, -0.665759732434786, -0.18509431873612725, -1.901267976355737, 0.27224956276146844, -1.199853879951994, -0.701815734170162, -1.1324850394351749, 0.4175752846094698, -0.4248743222437902, 0.5308428064719619, 0.9137242401200498, -0.4061724329368617, -1.5500461684607187, 1.907152323950176, -0.6572562415400028, -1.3270948667257347, 1.8474116078595664, 0.21812944132444295, 1.7323936462908633, 0.1412349564848058, -0.03331080902895505, -0.43003252260971636, -0.33346647601139395, -1.20221551052036, -0.024318797722779544, 0.038979824306879365, -0.5943262790357122, -0.960023928852749, 0.22452395819669324, -0.1998196863656054, -0.20740570522240265, -0.5919089936968261, 0.7662172702106155, -1.311717146098181, -0.6489751115515187, 0.5837338678648818, -1.7892563888972772, 0.7742711024093655, 0.13801816830695549, -1.955934809129348, 0.35159688529755395, -0.49046943168534357, -0.7132673098795356, -0.3473655606166807, -0.172532154989186, 0.7829912698513972, -1.086718276329611, -1.268675690777046, -1.707130722501873, 1.4209858930226973, -0.49816072392545957, 1.393143735930182, -0.17528827051124243, -0.1383377757532066, -0.17114960843244356, 1.0600907003350117, -1.7928063060226087, 0.7649301150423489, -0.24080495325297768, -0.7852993134168712, 1.267726457496117, 0.16746453459207605, 1.4619548877188226, 0.9048087945886116, 0.17278717822755044, 0.28239059744841144, -0.44378915160182214, -1.4543342822875094, 0.2986158911896897, 0.7215772994953275, -0.3046556094542265, 0.7381163537623157, -0.20838686499580458, 2.5121178375080855, -0.7440743305267767, -0.5770428877437601, 0.6048338312983692, 0.8731894644539899, 1.4476547908911024, 1.2071042766576596, 0.6915024035683686, 0.9614511729013956, -1.3414740859762602, 1.9225032513541518, 0.7389747912018194, 0.04751366041497412, 0.8886357760503576, -0.4828868161621043, 1.9476378115702284, -1.8879295447280215, -2.6942391469449314, -1.6556376144360432, 0.599072012141206, 2.1942512420105897, 0.04148249742733904, -0.8426121192888057, 1.609238515446837, -0.3258098919640565, 0.9894365595860921, 1.8612701768865796, -0.2795246645009328, 0.851616794559605, 1.1475307664923593, -1.7283892034875161, 0.24003679717480325, 0.32828859236576313, -0.63411062513157, 2.443852909273779, -1.3875627700317867, -0.33502048313415805, 0.6328482523512051, -1.5378632695912835, -2.383360890428877, -0.24976565523070207, 0.3955262773564207, 0.7947581605831031, 1.098597018591523, -0.366764965415391, 0.37336234724518685, -0.2673298406524386, -0.1402815763021816, -1.1244493394370623, 0.4990407645511462, -0.20412961056147916, -0.2706932316665416, 1.5005010770726561, -0.2654033546994386, -0.08098152692689073, 0.5140708913872499, 1.5649203923945971, 1.3244145914906598, -0.13045603014639542, -0.9342405059330694, -1.0279020328586719, 0.16051615483359302, -0.17173862385863853, 0.3860137281449828, 1.5789213743694606, -0.26890218673489286, -0.5459223624783364, 0.10439265352219305, -0.19186394135128865, -0.5030728823547094, -0.015139898472707948, -0.2613087556141893, 0.6128075927947887, -0.48245988836821013, 0.8226526658386941, -0.9295239086165559, 1.9401432853496223, -0.24260724060828232, 0.4502832528493296, 0.14886874953187618, -0.13158040616066627, -1.3167783403168407, -1.133936762473928, -0.9734428825029451, 0.7959203463764644, 0.6325471724445262, 0.3087680353331627, 1.0765399815103829, -0.9216731858048538, -0.866751862081673, -1.7605241342151092, -2.290134805909232, 0.9350704629538105, 0.8611449831528932, -1.062262659143278, 0.0037324525111523447, 0.8588365879327291, -1.282138270043878, 0.7367868009822739, 1.7620090861230202, 2.1129357464554026, -1.1424463280636972, -0.3333326885334702, 0.17305132723161287, 0.2746417139915604, 0.4735821345668484, -0.20272796416154582, -0.016245044923162227, -0.7909753322093089, 0.0003297177286793081, -0.5866611847695192, -0.22282499856576485, -1.1424463280636972, -1.124488492421476, 0.0025618975598797208, 0.304557580341451, -2.097550454137916, 0.6810228794336193, -1.6238907114145469, -2.1324569603138106, -2.624697205697949, -0.100959645265887, 3.0470375534000333, -2.3889268843937392, 0.404198553638618, -0.1316436774773441, -1.081657928218047, -1.635240542886106, -0.28272369011881243, 0.9213654226084207, 0.0537493948789933, 2.0318461776751957, -0.4274409616199089, -0.32486443037121415, -0.6823104702253385, -0.1802356667580064, 0.5558687885987175, 1.375340284530555, -1.2785383659060379, -0.9497046875067315, -0.7970691088187226, 0.08498367054062611, 1.182652334588539, 0.6945693426106463, -0.573720871010087]","['v55', 'v86', 'v64', 'v7', 'v88', 'v1', 'v2', 'v3', 'v4', 'v5', 'v6', 'v8', 'v9', 'v10', 'v11', 'v12', 'v13', 'v14', 'v15', 'v16']","[np.float64(0.19307297036386753), np.float64(0.10992275043451638), np.float64(0.0952708002776006), np.float64(0.08949614728898116), np.float64(0.001670871034121723), np.float64(0.0), np.float64(0.0), np.float64(0.0), np.float64(0.0), np.float64(0.0), np.float64(0.0), np.float64(0.0), np.float64(0.0), np.float64(0.0), np.float64(0.0), np.float64(0.0), np.float64(0.0), np.float64(0.0), np.float64(0.0), np.float64(0.0)]",2.4250971750769623,2.802667134950233,2.7925649629267717,1.5514666343265842,1.3476860371048356,1.67732685835608,1.5143667742498683,2.8189928517899827,3.456618704854511,3.501456664352749,1.9772719731378188,1.7217487056626677,2.209075908219745,1.9594315275820213,0.3654010724808524,0.4308665934844206,0.40802320014390264,0.0573467930936196,0.034331217360527466,0.08258554059859528,0.0547288078949405,2.386158076453861,2.6015612781351485,2.600877312446875,1.392045057274797,1.2770189079669874,1.461263749582216,1.4334485744555885,1.0851867477997912,1.1617278764261112,1.1467196888727624,0.590629124295174,0.5494822329715268,0.7209589152580843,0.6119663009281132,0.5508208195559653,0.6141456304846866,0.6102672770490231,0.29478419888040236,0.268484651246571,0.2860067156105403,0.28366018086228295,False
f520_a,m305,"['458', '460', '462', '464', '466', '468', '470', '472']","['514', '515', '516', '517', '518', '519', '520', '521', '522']",f520,m305,False,0,lasso_no_out_standard_k20_lda_nc2_sex_on,lasso,lda,,standard,20,2,62,8,9,True,0.9979768395423889,0.0020231876987963915,0.004385875537991524,0.9956141710281372,0.5238365530967712,0.47616347670555115,-2.804327148194067,-0.878450940714211,1.5489326853778063,-1.4455072105121372,0.022120372440500743,0.052180136511257885,"[-3.0632516332562796, -3.5889836658173473, -1.901110236528691, -2.419165799134853, -2.6872941437793005, -2.751209777919763, -3.596438017402751, -2.42716391171355]","[0.3622259468607643, -1.7299463244474094, 1.0536801081915086, -1.8090376308515315, -1.3579492377309212, -0.590034869539167, -1.4909880113966032, -1.4655575068003297]","[2.2664439676579247, 1.7565053573911866, 0.5805803521688103, 1.3837625906668725, 1.2338234986565126, 3.2755376030795826, 2.277916038982916, 1.2172165856095258, -0.051391825813073055]","[-1.679582876506509, -1.888391751839167, -1.6401631460245154, -1.414403438243338, -0.8230868834659734, -0.909543367838981, -1.2216766620573016, -1.7639966711743875, -1.6687200974590624]","[-1.2876968209573487, -0.0416078456186815, 0.06495084421613166, 1.1803839641790603, -0.7889989673746773, 0.5900930064900399, 1.1674738156652886, 1.1955391300915261, 0.38644813468144296, 1.6246427530306753, 1.7277877495847695, 0.2988872225031645, 0.6334296618997339, 1.6979510951670262, 0.7521984519425794, -0.15458114117984278, 0.028126365649624487, 0.7862986961987974, 1.5204855412543836, 1.4048001840760516, 0.5978015752530993, 0.30016502795386524, 0.7350373578108472, 0.5844848106802362, 2.5948888396580316, -0.6976373101872143, -0.32028509309211445, -1.8645712378521053, -0.15649274746659161, -0.5441990647148439, -1.391298023773184, -1.3663947630027005, -1.0231818036476248, 0.39196273390422026, -0.2516904487152861, -0.7974898933769411, -0.9658031247258972, -0.4849576735171526, -0.7158242005820541, -0.3245470384765979, -0.7565961359222949, 0.0632888691997486, -0.4803724015971596, -0.6845010376365087, 0.0392260100663661, -0.6763125449255163, -0.6667532540588839, 0.37572165628312504, -1.9403828875322613, -0.868971816212629, -0.7458845901468878, -0.5330184073339512, -0.2328169253108314, 0.107900253591289, 0.8186661841712627, 0.0184593837003353, 0.4164276492506859, 0.7291235020536968, 1.1566304117958648, 2.199669091458919, 0.13059491578020416, 0.09363353946099685, -1.1006181089311051, 0.2886465601923231, 1.446494986809249, 1.4005415270650043, 1.696787299080923, 0.7967131989124239, 1.458061469104, 0.892708143015723, 0.08093007668525046, -0.5408705414666423, 0.9512711587082237, 0.45294609877141506, 1.442144041726566, -1.5772996697931498, -0.32220999913936527, -1.1139018797959526, -1.8398081421843415, -0.3193567964508737, -0.4039451380016399, -0.31221307748264204, -1.0982713050013662, -0.3491856829512252, -1.7265863980769205, 0.44395982063502964, -0.07587663592447323, -0.818129028587185, 0.7244390539348426, -1.325948521482783, -0.37998773793860574, 0.6533069919827527, 0.23702625479081463, 0.21293147029141912, 0.17911123425445696, -0.008014509859861425, -0.3376127722668322, 2.063421518497671, -0.49881750251500495, 1.0597444472773176, 0.9398290450053203, 0.01648523694034339, 0.8539820699286527, 1.476604861207707, 1.2892812665257605, 0.7157556720522996, 1.1493397359162323, -0.12282673729797727, 0.10267347464370172, 0.31264180439302763, 2.8241756162673273, 0.6917234429395125, -0.05530640993831323, -0.4369802324780559, 1.1612507113072712, -0.04723346409734821, -0.21179439847929907, -1.227444844140081, 0.35013215777589524, 1.2052398467314642, 0.17019858000014848, 0.49280223764700304, 0.6603378413006504, -0.10253421910175944, -0.12675752845300886, 0.592059206273119, 0.07531507297227052, -0.1878967103657491, 0.4608663625519554, -0.22347633453315166, 0.016712958726882162, -0.14946904207909636, -0.15482141140669956, 0.9857255265876645, -0.4451004547360575, 0.3171474075112951, 0.19412414157276014, -1.2508816293574923, 0.6344193238178799, 0.3994320071911016, -0.0482609868998949, 0.15531041814137606, 0.149121308389206, -0.4151980626391017, 0.3122416359166878, 0.596090035568182, -0.7401549980236773, 0.3433194882942572, -1.1149308601797605, 0.9685461261922677, -1.227647713633119, -0.5544697346083711, 0.16517451895466553, -0.34363399395378286, -0.6387770152017604, -0.38982162219191624, -0.09793885274958065, -1.3000643755734735, 0.6863014314854138, -1.4759948401212675, -1.6999027317247455, -0.8156340126782403, 0.19373312989705435, -0.642762348862195, -2.211578316381717, -0.9975713218378439, -0.704255749392926, -1.4981149671646907, 0.168565448817581, -0.40887539243601473, 0.06941407751778339, 2.5671854291540064, -1.4133349789865042, -0.3092223767119559, -0.14013732534057538, -0.8317227988793781, -0.7287501518660147, -0.029166136161692245, -0.49897130764933767, -0.9410997081042939, -0.6080938666373135, 0.7395765784921212, -0.5186912292766647, -1.3627185286825452, -1.0965502108380654, -0.672887924576792, -1.2500817279175602, 0.9721720808624259, 1.4486869284650545, 0.7210875780295576, 1.1521967679423175, 0.6145257130820129, -0.4879171215480873, -0.050627369956596495, 0.6775340926652498, 0.5208937275759298, 1.9530217067695506, -0.4633036162203724, -0.15309992649256138, 0.8192877545911424, 0.25268616355946394, 1.2902597071234607, 0.5691669049814113, 0.9389899446113986, 1.6070356507121673, -0.4710117067866324, 1.4530152542543908, 0.6733375685713222, -0.1829514091331925, 1.9671366955030647, 1.5475725139717238, 1.3067525167021354, 0.6996412828067411, 1.0802744174794627, 0.6552641905371237, -0.017653348623620415, 0.1294094687715016, 0.07577673199592344, 0.9980332999224472, 1.2237264889871362, 2.2010071665614337, 0.6914719966999743, 1.7351022868384172, 0.9459262214802876, 1.083599168966758, 1.4686612266777685, -0.36055528909250556, 1.2481397874863867, -1.6415760738890406, -2.3689911583742833, -0.1500606109122257, -3.4312814739384985, -1.8013199453575706, 0.6431420565463966, -1.523743244544842, -1.7134290331783957, -1.3345132939259605, 0.643810354264935, -2.117155404941711, -1.3250136647749642, -0.3256926847222947, -2.3837012196655283, -1.8042833735771446, -2.680592936416446, -1.709601074969218, -1.627344242345771, 0.528363121230968, -1.3101757186413296, -1.4052412599191384, -1.6598285898700889, -1.0114672827558415, -0.32525538804932824, -1.3772606344584646, -2.96068079296017, -2.3680680192354857, 0.7829435951710855, 0.304582271473193, -0.681160419495973, 1.1956039067849276, -1.0865581507798276, 1.6187472051333698, 1.2131322429944236, -0.8462716710488257, -0.4562471623361823, -0.6966961183093624, 0.07748480417036477, -1.117768447644452, -0.43547065281509073, -0.48504488750918157, 0.050715441294335306, -0.1189397287373243, -0.7551463148852618, 1.148546482069123, -0.2612495330004805, 0.8199373586197917, 0.6570023314686454, -0.798269198979821, -0.26200987527563113, 2.388045594917877, 1.4979713937855001, -0.0017086417204391973, 0.3210322798070862, -1.0447259444258408, -0.203771624111138, 0.26329370325494694, 1.2831891192556002, 0.3720891049737568, 0.2536599557171666, 0.7779538153649169, -0.375654050264774, 0.24861462838492468, -0.30772678891562444, -1.2044074073696918, 1.0033259994931911, 0.10509466021317278, 0.6150713765569988, 0.4069785008475378, -0.3554470353605021, 0.07850320094877186, -0.26382231390511546, 0.5236298185162922, -0.12129182695572002, 0.2513358834551309, 0.4862989207250665, 1.5711039443462838, -1.1155242003886847, 2.0375501447494506, 0.6725862660546827, 0.9148384136654519, 0.417255364990008, 0.5208186476295553, -0.30179541107425834, -1.038304578820313, -1.1275273823508307, -0.4611334747717027, -1.759986458231131, -0.2870369470096372, -0.8974936377297082, -1.3102113560397388, -0.32897285399018295, 1.084481779875572, -0.8032894101230544, -0.48417475613109606, -1.2265999742851557, -0.6602101522731741, -0.646005943128606, -0.8179205676986464, -1.6032515179672018, -1.065287273065353, 1.28722292608601, 1.2166949077196951, 0.8263918541758731, -0.5269153855906022, 1.0609792251321581, 0.7833011521671247, 1.4670148892135302, 1.999273416667568, -0.19489229110894288, -0.3136720097708723, 0.32300652846484956, -0.1559832423356129, -0.16746455814032313, -0.32364180290923494, -0.3500792032421361, 1.2114425374063358, 0.8575170445425205, -0.5774646263051758, -0.2038801138931495, -1.7439941926404945, 0.006197182791547557, 0.2468975998802061, -0.1559832423356129, -0.9543962345178565, -1.4001856043584633, 0.5284067982488854, 2.3516493464104844, -1.550664421406562, -0.18078818214183967, 1.0218509131283815, 0.6933856314249253, -0.4704986452972557, 0.41309816776487185, 0.2907459813841158, 0.12164599469846428, 1.1850126505909884, 0.4011896240269483, -0.990279029749368, -0.1336890352574859, 0.20684221072214973, -0.02161655340971101, 0.03295820858217698, 0.1541120459335459, 0.32386480290698666, 0.6859505423142563, -0.154807914370214, 0.3567275894689393, 1.103944696363798, 1.2781256938308483, 0.1700055950486392, 1.1515729933170544, 0.4307633206665005, 1.1148817162724147, -0.20157857403935453, 1.105269212974433]","[-1.2629491556222894, 0.5258023336851712, -1.9373448185674218, 0.16464395056421902, -1.2798233707057034, -2.6062041941873826, 1.4120913008036753, -0.25883746636504185, 1.8237964176419377, 1.344575901397977, 0.08473282837125538, 1.2880786241739715, 0.7969290497966006, -0.3549765408475759, 1.5347711417997263, -1.5056015491950128, 1.1450614101829846, 1.449125540810768, 1.267652093770466, 0.41323304425522417, 0.3066262712338675, 1.2465360272673878, 1.650407488271937, 0.5257900806815782, -0.21974958825324914, 0.2846640779683645, -0.08172227696262663, 0.10232365095706822, 2.3623837310051137, 1.4534813524908103, 0.3301472974723046, 0.970852750881243, -0.5041444933302698, -0.664178164834176, -0.8132606964201484, 0.6634406383267577, 1.1313478305428528, 0.9968302681423464, 0.4608769157133368, 0.11879729713714171, 1.2660939800555924, -0.99002703742366, -0.7247015347031971, 0.5682232934535232, 0.19367579334975266, 0.8647420950849715, -0.4497422805010596, 0.6562608125466389, 0.8897651748508395, 0.6521934237124495, -0.3982095551548006, 0.9385466698115409, 1.0069167847710978, 0.14079290684293488, -0.8287223238761696, 0.2417685775679458, -1.0095393288390193, -0.6204526945126362, -0.10231016958076335, -0.796044745322987, -0.003966106239027692, -0.9388344674594886, -1.2166366702212759, 0.033223843755312975, -0.8974298206138605, 0.9502872235629597, -1.6776056678080673, 0.8575798990843825, -0.22977569591130848, -0.7525360658654172, -1.3692637415462483, -2.8139736115759932, -0.4164612023952441, 0.1653392151598224, 1.258873869018325, -1.2680135314287393, -1.5260950592622953, -1.2936267763677856, -1.8107994548523043, 0.33599069924941993, 1.5703253129011365, 0.5741547483644136, 1.7834751970069203, -0.2753195847395109, 0.4986819289340167, 0.8515917582643598, 1.2206094298556145, 1.3217526918900881, 0.6141930547869592, -0.3466825865546931, -0.46358948054673077, -0.7896413533376163, 0.38943886485129586, -0.6857351578065671, 0.042730786325737326, 0.49188071636510633, -1.1076234767606585, 0.7304792204553469, -0.7693574100806809, 0.3590595593450306, 0.5907258656581287, -0.9106173382606952, 0.7694668223259516, 1.4631037483321623, -0.4291296346036233, 0.7597417886652419, 0.7215591159411767, -0.328110219608319, 1.0869967207688038, 0.759729713025885, 0.1610374886859467, 1.353884212396385, -0.10577210806106577, 0.7691739667235992, -0.957736603734532, 1.5400192385020446, 0.5052699358540705, 0.9697021385873319, -0.13321877155873124, 1.7070232333498119, 0.3814320028810556, 0.8497278647152552, 0.564229763998401, -0.3915988648473663, -0.23926568597794223, 1.4224994425669772, -0.4134800820551914, -1.1976555478187425, -0.5441207953383609, 0.9794260880239513, -0.3260923661365126, 0.5816544863490739, 0.37606764553209165, 1.5224488264412566, 1.0815582335699523, -0.21447180282423606, 1.165712427079447, -0.628721991455789, 0.41141622598035654, 0.6576719796001452, -0.6610758285049186, -2.617536791588907, 1.1170645647886566, -0.06835630950089203, -0.27478542152484753, 1.0504586176749584, 1.0804626192652569, 0.5487529380515644, 0.8696231471292284, -2.2465766357119286, -0.09314262344456047, 0.1802124302630098, 1.7923231498987673, 0.9948332513445622, -0.5183820277030128, 0.1337083977847874, 1.6489429273733929, -0.3223140859140235, -0.10656668505536135, -0.25757102790989284, 1.143493952726096, 1.0905526832262278, -0.4892474331568669, 1.2640372988925335, -0.6370063316714812, 0.3946836613665092, 0.08144540709294468, 0.10675956498865376, 0.7201976473973083, 0.4501938911850429, -1.2406520374622498, 1.7904525025739129, 0.20998978060031825, 0.3533090271627561, -0.009654950596725503, 0.03529771564540063, 0.9045863420901632, -0.21512007319992124, 1.9148197685249577, 0.35123723400323587, 0.4998423288057719, 0.4991584069905541, 0.18038430313956072, 0.54720375227175, -0.2219221106054029, 0.5584359084225601, 1.7183911285808369, -0.6766309271603664, -1.4824318016707156, -1.2754115153110281, -0.3742989661999903, 0.5851347953959516, -0.4093339839958947, 0.48074323431427285, -1.4241158809017722, -1.1946578325656594, -0.5216063952757315, -0.015492801309310652, 0.050878851102992895, -0.8334922560753911, 6.523300799096564e-05, 0.18270878128873633, -0.7108459631795052, -0.6043749955493382, -1.21445644849147, -0.249730469246574, -1.0140176710551865, -0.9666658020408448, -0.6152435722842362, 1.05000880447842, -0.6855624204580022, -0.02210531201294116, -0.927822052076386, 0.20943649372163853, -0.4622675955867945, -0.16718683117484642, 1.7451429332243305, 0.10127061511585686, -0.29259102930332315, -0.49277270505160337, -1.0767573280828593, -2.669561079604926, 0.24090692973176425, 0.6771306133142637, -0.015236678545041337, -0.1937767177386545, 0.31361957748816094, -1.7098514569638867, -0.2079846518436056, 0.2166595284715137, -0.3126549962077822, 0.6876946278483532, 0.45793736639569205, -1.0878971315072454, -0.4834651143071651, 0.7544611301248453, 0.002143396632173357, 1.9623767714315326, -0.8830967240122088, 0.5476054220453549, 1.7560321234236063, -0.7531817716683029, -0.14394733352028052, 0.46731745541446323, -0.6171635258704157, 0.20522168121034778, 1.407379843684007, -1.1807816925681895, 2.0969672287782712, 0.13132933700912924, 0.43255873102545495, 1.7199568980384754, 0.33197726062777666, 0.6054882446440074, -0.9617205826119959, -0.9120110047591736, -0.11854311799398849, 0.9832723136209801, 0.2942563714541861, 0.028987501928647554, 2.3171191672159015, 0.9799031355581808, 1.4608312835458241, -0.3839439665367355, -1.3700036570237057, 0.7552396302819494, 0.16048318737247633, -2.7136665929178543, -0.9841862005491316, -1.7939642566721858, -1.4394546706282831, -1.5353653200283532, 0.36990578722724193, 0.8976169094444851, 0.28579684743176154, -0.6684141794263455, -2.564416873879245, -0.6378450056931122, 0.03945985721218239, -0.13090688076559176, 1.1606586165512534, -0.9449594693898334, 1.218455019654256, -0.44536004123077333, 0.6060286164773844, -0.2542195016802964, -0.11363356975733059, -1.1479550536372476, 0.7619477691441446, 0.3954453110340453, -0.31754932008890013, -0.5189686891880323, -2.5381475235429245, -0.7042881485232145, -0.9711960590678905, -0.2461647393014081, -1.6725744576546195, -0.2970915887097572, 0.32750394740445454, -0.8169012711665322, -1.3036130967436768, -0.18612935277388146, -0.6934582141508469, -1.1834012088440713, 0.7622073570607203, -1.0562374884944417, 0.008056884435010032, -1.6081271054840394, 0.4713777270774412, -0.7253621533635182, -1.7555626479545692, -0.845449477640142, -0.19973516541687641, -0.9743339311815682, 0.5200175040140947, 0.39414541984285234, 0.7262516301308115, 0.20245756827834713, -0.4576626735322041, 0.8391707098162242, 0.5025235570626367, 1.804281839059724, 2.2916143284301, -1.6684843075062357, 1.2121727777213223, -0.967763628417345, 0.04964966310094695, 0.25710918423756096, 0.9315663601101807, -2.694515619511434, -0.22814144973760453, 2.4655012464085404, -0.11764618063133266, -0.45815342588271285, -0.1146712020881924, -0.15990798213295476, -1.6136615240995704, -0.29313554148213133, -0.0424152799216991, -0.8208358971158941, -0.5600798210007647, -0.26443051306225956, -0.6684735147364347, -0.9364778798404244, 0.019171529213235082, -1.6257293679793121, -0.19331250343161632, -0.6730613515919273, 1.1864144902493832, -0.7267017287875052, -1.3051936953576513, -0.5600798210007647, -0.46210191197407746, 0.16445230244843434, 0.9147042328835429, 1.7260605400735904, -0.023891883900027878, -0.6819635993586541, 0.954783207212721, 1.3602431680211742, 1.152452895078233, -1.9932719497760452, 1.3866550637746422, 1.7258304716126873, 0.40619697074562666, 1.668976927896176, 1.561889451261837, 1.2585874825653673, 0.7633269630635723, -0.28056327331669817, -1.031935006228389, -0.7790946703229106, 0.8376007937472577, -0.6473986559916305, 0.6076296955591892, 0.7983216061062207, 2.053859540281911, 0.059106760956106556, -0.8119897708217898, 1.7451380387429725, -0.8690971263473071, -0.4560495612028921, 1.3995644911951404, 1.4318931133021193]","['v11', 'v104', 'v7', 'v5', 'v87', 'v96', 'v63', 'v9', 'v53', 'v1', 'v2', 'v3', 'v4', 'v6', 'v8', 'v10', 'v12', 'v13', 'v14', 'v15']","[np.float64(0.10438757809146537), np.float64(0.07879362830409066), np.float64(0.07839254367953061), np.float64(0.0704444154829301), np.float64(0.04923694836171792), np.float64(0.04778177139543858), np.float64(0.036389096001367034), np.float64(0.030312516164692674), np.float64(0.025443805725613507), np.float64(0.0), np.float64(0.0), np.float64(0.0), np.float64(0.0), np.float64(0.0), np.float64(0.0), np.float64(0.0), np.float64(0.0), np.float64(0.0), np.float64(0.0), np.float64(0.0)]",4.390036900950531,4.5341853859248955,4.689185289803997,1.50848378647652,1.2493908204058108,1.3280518472803862,1.188960505990543,4.9203161033697995,5.206757155397173,5.121935461800174,1.8928184222422646,1.6486140607188493,1.6119761039143077,1.4565008639819879,1.4937154590146415,1.4058893791726101,1.4530812614648396,0.1413076172319752,0.054108206498173994,0.15148498203516989,0.06940504667246955,4.353259833571873,4.36832697885595,4.2320687439852716,1.40109227338562,1.1695459861858475,1.2497191829690604,1.046659961187401,1.2440045099343513,1.370665151894923,1.195778438962598,0.6789476269098217,0.5979083725084227,0.610752123831997,0.5351745853606955,1.374638554487839,2.0699017681315683,1.3336130583712342,0.28788720501267046,0.208207303105359,0.2776994340734843,0.25349365857001727,False
f520_b,m681,"['459', '461', '463', '465', '467', '469', '471']","['490', '491', '492', '493', '494', '495', '496', '497']",f520,m681,False,0,lasso_no_out_standard_k20_lda_nc2_sex_on,lasso,lda,,standard,20,2,63,7,8,True,0.9990485906600952,0.0009514490957371891,0.013744175434112549,0.9862558245658875,0.5238365530967712,0.47616347670555115,1.9529760014606867,2.581631199193431,-3.066158840076837,1.4050232957908435,0.02827718414164034,-0.07633230406427292,"[2.3659065616655126, 1.7068980133156662, 2.030470378583021, 1.0236408264163375, 2.9080265621445425, 2.0518179424836287, 1.584071725616099]","[3.223920797550157, 3.2497228059509955, 3.4938910917694344, 1.349818934132859, 1.5714195864732348, 1.7805012198639145, 3.402143958613419]","[-3.5430036655590404, -4.504879406497109, -2.098101488846163, -2.573604460411888, -2.985701795735656, -2.9507756511927514, -3.8894229615156517, -1.9837812908564392]","[-0.21645530321578732, 1.7793005673824038, 0.5263567098766313, 0.3784900263798982, 2.1645747388918735, 1.6125235873379982, 3.2402958051608515, 1.7551002345128792]","[1.4535562387669707, 1.5330363941527092, 0.23327085738638279, 0.6293059690395734, 1.3280024524194072, 1.2653526615335597, -0.136586918857136, 1.268707966001839, -0.5797699340411225, -0.6226586036836893, -0.5659307462978685, -0.33812767142676253, 0.10634078910162442, 0.3489645017290433, -0.07779325809206318, 0.7758961603285963, -0.23829776483530152, -0.6770617187254875, -0.5380759786891132, 0.3718114280415334, 0.9556709121099276, -0.9415780830052091, -0.0016797912078508276, -0.04091897064901427, -3.0682042136611414, 0.42214743705321384, -0.5541834240867752, 0.21103766974639082, -0.3413931079885198, 0.27552584128071733, -0.37115781715884405, 0.8353197174724003, 2.1559753105710633, 0.046258462831930455, 1.0596304670961105, -0.5563354987008664, 0.5801308326581783, 0.6267121451695001, 1.4645121136447738, 0.3319715879034021, 0.13708900829390439, 0.7526338511030854, 1.058287627026794, -0.3660351079937923, -0.13080157050856528, -0.16056463059969878, 1.1445267551378917, 2.105344691976402, 1.0942384196408932, 0.978024676799543, 0.23056729612280769, 0.08555661730806137, 0.039373097761863846, 1.0807346533272735, 0.434221956229763, -0.5331583357725891, 0.34446981602802224, -1.0809671494390538, -0.39670569397922123, -1.21403231292717, 0.04685439262105197, 0.558193511152544, 0.44587123487555386, -0.26996505198431436, -1.8265673993763154, -1.5041911539054595, -3.281561021105308, -1.894802757148653, -1.5639206700642452, -1.656542982289602, 0.39544317632883247, -0.8815748865857653, 0.0015444775600314219, -0.8618686461119331, -2.25089145245342, 1.6266762131144947, 0.6286981120283378, 1.7671626134010936, 1.7842731368984603, 1.1422394442336883, 0.7820422905086415, 0.6947772931189196, 0.46760769530620433, 1.8390973576097647, 2.0514010476737536, -0.8780762084076801, 1.4646079849245803, 0.8869940211589246, 1.0994958392442575, 1.1056797337694277, 1.8622586438941438, 0.5686885609994012, 0.08448212743467637, 0.8272542664341023, 1.2973883929868053, 0.7071593295078782, 2.0225486735993377, 0.038974587449215455, -0.6904227601243765, -0.44549026697641814, -0.0053657909655197, -0.6580298924719287, -0.18961835667591864, -0.6714115732518768, -1.2238398388022358, -4.116504616470195, -0.5418635623732411, 0.8332617385119113, -0.6858636205587475, -1.091055707889419, -2.1598880471754067, -1.0515518840806284, 0.7896305691895876, -0.4095406460119771, -0.02640070566673864, 0.5861224954015565, 1.1243119801650108, 0.24471625346731682, 0.8485738922763718, -1.6054333287187699, -0.7258443326320365, 0.0874472112006974, -0.04037487452800193, 0.5616152949592066, 1.7370096231593402, -2.4739685340994093, -1.015067171070801, 1.1554585660083674, -0.8938529552488822, -0.1554748483363156, 0.8182948020924758, -0.10144473277167991, 0.2847974667100585, -1.378960798441189, 0.3462812033268864, -1.1407359375967983, 0.6658728092438371, 0.7159169451129092, 0.40298896078949364, 0.07829097523773051, -0.030823271124729924, 1.2199578564991238, -1.0849285356679728, 0.10516232076543724, 0.5665473025749391, -0.47411435927550327, 1.3024636435916046, 0.7041273471414649, 1.372691846784231, 0.1016389555771954, 1.5723379364974996, 0.5517390187141681, -0.707212453122363, -0.1400545423567801, 0.2635544490462495, 0.5264636703998422, 0.6606424888067997, 1.8584659754860828, -0.05453442818442002, 0.7931758448316277, 0.5741593495348075, 1.390488296468756, -0.7828519511034432, 0.06598195209211034, 2.0756858469740056, 1.5791412899073725, 0.5307551952629515, 1.2660578011680093, 0.61406418213302, 0.8296844948589693, 0.4879059854801636, -2.748622626585969, 0.3342839751557833, 0.06986075030400234, -0.20088725281397704, 0.020234399294119156, 0.5874635560335928, 0.3460399721563482, -1.3192639968693571, -0.07529861899058306, 0.09876726460018603, -0.22896161177537483, 1.2724488593220615, -0.6044179725054919, 1.7289506655650666, 0.04709689758905869, 0.24664820644732804, -0.714451064174229, -1.1329025409475908, -0.54752777322918, -1.3109364211607522, -0.8867569878575844, 0.8620884877761462, -1.2517484182453837, -0.7440180836339514, 0.08766116185653351, -1.6081549057047568, -0.3090432780088643, 0.6026764200848154, -1.1034059342378322, -1.180709549429002, -1.247150399794486, -0.7272844540217523, 0.3245760816972339, -0.4050623045255626, -0.697046560058414, -0.09483835097530785, -0.32214887054185737, 0.8209695630275655, -0.26244930977196906, -0.9482718447816663, 0.45070648090420806, -1.2307817386074271, 0.6679102166275994, -0.3292866931496192, -0.10681099274890386, -0.5981651529207097, -1.0553096717905188, 0.13787147021947677, -0.07481349376154406, -0.7082887763242106, -1.1064634606085242, -0.2181980462574859, -1.8106036611447323, -0.8778769764961338, -1.4984662541679863, -0.037305824020015345, 0.015971736513830256, -0.17589449069505905, 1.054679267068279, -0.6427551539319133, 1.0113431607503311, 0.13099763823657215, 0.13737309020114263, 1.1952531163929583, 0.3048467042276472, 0.19561033497861002, -1.0433710131621623, -0.22230355053499007, -0.5469232783815848, -0.3700506282772174, 0.5800316489466131, -0.5173872806179622, -0.36463863346901665, -0.2195907055932397, -0.04673930683979876, -1.7485806842462492, -0.2696922233065482, 0.5249880385897648, 0.5460436644445854, 0.7221675428852398, -0.6569940872412198, -0.16795165913293061, 1.1698990516691696, 1.3444108858754966, 2.8713398159228416, -0.5370376702030453, -1.6662906410083014, -1.4387157539965996, -1.8304249595591018, -0.19974985530632053, -2.3732439543744563, -0.7537690262414748, 0.7649930255157918, 1.286938251532977, -2.904016494130542, -0.15255893105269833, 0.5806727516258119, 0.44787508302690454, 0.5737350107165011, 1.117664243244758, 1.6810797954455947, -0.43925737504566875, 0.34743386281044364, -0.4820432432370003, -0.012411993540351541, 1.063922341261106, 0.501971801234336, -0.3302372789228617, 0.531400146631782, -0.5591990965910022, 0.01533991279953742, -1.1248436498541137, -0.5235116788402536, -1.4873394045011061, 0.8524634517709433, -1.1781931620165549, 0.5616336397734728, 1.009886305306607, -0.9219997086035441, 0.5527386948019507, -0.1482599962051373, 0.33130072342425215, -0.8703331482683198, -0.8639231652029284, -0.7658633931392381, -0.5167054211989158, 0.011297064880267585, 1.1531987222118936, -0.3496499916657517, 0.7986213346375912, 0.23032091201129962, -0.6159389176759779, -0.20958678173435974, -1.5481234985975665, 1.2010790747933568, -2.684632961851441, 0.14844367437190872, 0.2912489345859756, 0.11498608576424064, -0.8491691621230962, -0.23267692110897376, 0.9951124725385518, 0.9099076136269418, 0.4442246769026745, 1.0117531757768579, 0.07540855328206524, 0.40905069631503066, 1.0891926473159261, 0.19486996924757463, 0.9924980585908455, -0.21557526894826012, -0.027571700466886784, 2.121828021462119, -1.985033732016969, 0.35635658521443636, -0.861640523429352, 0.4302335786700862, -0.3971340674242485, 0.7016156698922063, 0.02397300243091154, -1.6119481622660343, 0.7732973112223165, -0.731011905940969, -0.05903601658687632, -0.2818475822269052, -2.1936091709624823, -0.8413832036334739, -0.53122398193446, -0.8062869569049479, -0.08138468456205171, 0.15619695154871097, -0.1918430838100039, -1.2291912512835232, -0.17256713743197882, -0.05013700576323239, 1.8851830257977837, -0.8589737327726831, -0.33856533928886107, -0.7750213196056022, -0.2226091157384419, -0.08138468456205171, 1.780703007770285, 1.940322009049241, 0.9400912336991998, -0.35865259048837184, 0.5449789150156057, 2.4824264247085224, 0.5327397818694413, 0.9908991245422241, 1.2383078406161727, -0.05127697612336782, -1.2878387492372831, -0.20828509752371765, 0.7647844794916929, 1.506254725958136, 1.2343172406742715, -0.3483302972682807, -0.15428487494960005, 1.1424566547132309, 0.7123043625310701, -0.0013882061636852968, -0.7416573115680903, 0.6695468135749726, 0.6699534446832537, -0.024464561719864993, -0.7371356533007887, 0.36622324838108483, 0.9532333455929277, -0.9466700028177153, 0.44523486163755027, -1.2701018045655055, -0.5431856635808798, 0.7154659146900121]","[-0.5623078147388186, 0.012581886658528545, -0.5530128731768397, -0.35040104634580244, 0.0009932810313548735, -0.7344281370492867, -1.8178915566880804, -1.6468069907171015, -1.207115463086929, 0.19887078471774108, 2.1224669224148975, -1.0158043988860557, -1.326106445027831, -1.9903847815252567, -0.6057028872693754, -0.2371507058876441, 1.037549181432234, -0.5861221447163942, -0.09498847156517427, -2.230328606814537, -1.952705228749795, 0.5567183723353734, -0.005399664948166765, -0.8368289822900506, -0.9575623970711565, 0.5752989624097496, -0.5988849688913112, 0.7980001382984211, -0.09099628376446547, 1.4793918832026824, 2.4338840202462473, 0.3325081168408419, 0.5315577118367449, -0.6477830763039213, -1.0818925058361513, -0.0539348099473813, -0.23787379857562055, -0.3143231148100077, -0.5710932562722377, -0.33997382449071434, -0.06490831835544224, -0.6090471197897687, -0.8297339987765293, 0.49902619988391506, 0.17339536887734008, 1.701674376647572, -0.23829614393069493, -0.2677720261842214, -0.31401825476433914, 0.8952467080628236, 0.4873877484394753, 0.5381269462672115, -1.198592551107901, 0.09620357956983216, -0.18609966446849632, 0.438596763270682, -0.6821572863305237, 0.2974138994049156, 0.07393828892547068, -1.629344327979039, 0.6413204502129202, 1.3232854845670663, 3.0087670813741516, -0.8833030456077908, -1.2196387761542997, 0.37797548877325204, -0.33866858879553857, -0.6326088706118239, -0.06475675807174644, -0.5164053058742755, -0.22669521778792973, 1.265904629903097, -0.4920787992221746, 0.12701116052928, -0.35550078655040107, 1.592758725409413, -0.1798016722667318, -0.19636851247165393, 0.20524989697851861, -1.442153589773603, -1.2311540332768622, -1.3256531444439916, 0.3016873833348747, -0.5261928708992618, -0.3087871454056128, 1.883716536739523, 0.8587031451048102, 0.7969494104745041, -0.006881622527077388, -0.7748302694833434, -1.1780224139508466, -1.0957532336093019, -0.3783660884585312, -1.155210939165283, -0.04425545223687533, 0.2784705268091141, 0.24519469151392081, -1.2004460789841223, -1.548634272737636, -0.6857874135063333, -1.8444187879666945, 0.7473405514189784, -2.2937694787904808, 0.015692800621663602, -0.538148942056888, 0.8989289882507756, -0.7687475413451164, -0.21861927723681873, 1.3650805493586404, 0.0740182464634537, 0.2815952897699964, -1.0157013227354297, 0.48643836861515094, -0.4417003306121076, -0.3003437752674291, -0.03418037590404777, 0.00814557879539226, -0.8244598095842891, -1.4913282709494058, -0.9192812166853392, -1.124529283025487, -2.0050666507755928, -0.7918363133949611, 0.7628737120480227, -0.8912655518588894, 0.7767938287829885, 0.043332261946396985, -0.6171205668519837, 0.3085284405111155, -0.19483192401613206, 1.4052447662557144, 1.2543200013861542, 0.20060250283545797, -0.8420865950964855, 0.7961262335705043, 0.20091762719981446, 0.7097478317443114, 0.4649091259822087, -0.832087805543564, 0.7242308855335037, 0.9090898789786608, -0.5149942902160239, 0.9611697585407455, 0.5312916327747167, -0.49955688577762797, -0.9666610409147797, -0.45527845289096025, -0.5923573125457974, -0.1626877238110326, -0.8954452497288038, -0.577396742030491, 0.5024388868753952, -0.7075644948378834, 0.9862586104981453, 0.06140173187654874, -0.5123356724044436, -0.14098625829023773, -0.6385180320724594, -1.178767504718286, 1.78158847691778, 1.5140667123257157, 1.342636860746543, -0.18550619716813535, -0.622815803955461, -2.0392415687834324, 1.8184098725948687, 1.03978168035571, 1.3317355319639077, 0.9352305926484881, -1.8033946592983405, -0.7792318049277164, -0.19004334159970226, -0.36419582065902034, 1.6446363323846713, 1.3048690763540147, -0.41275751700443186, -1.6423622673040574, -0.17175902868865534, 0.37810951846494295, -0.31859724970147696, -0.00278191751643129, -0.1796889258811169, 0.11871186157954408, -0.21897387692246673, -0.07977926834815242, -1.32317617912365, -0.4386006063800937, 0.18453834508483088, -0.4921654963964537, -1.175948419660303, -0.14778395212416245, 0.039848962269157774, -1.361312462147579, 0.28862274461916976, -0.17937132317417528, -0.6836151229135176, -1.4182101637873064, 0.1072074381422515, -1.524305168275641, 0.17539301604198992, -0.06825832302825918, 0.5968055526601427, 0.019221488700240274, -0.7625496594667, -0.48266956924653387, 0.6724162109118923, -0.472463844616764, -0.27279878521638606, 0.02923285253134325, -1.567031382934257, 0.777793716208281, -0.5245988002869533, 0.06382934890452804, -0.7052955609746804, -0.4277545838182861, -0.39075413049393487, -0.9319181348924989, -1.3735669894523577, -1.3549071309289757, 0.05914308437672427, -0.37019526242847495, 0.3154439729862158, -0.6801784728138932, -0.4541182036293813, 0.2929870432944964, -1.16799887104041, -0.938299110368926, -1.411543763635554, 1.021781357196601, 0.0862793232036203, 0.45467423606873564, 0.9820206073293988, 1.5570396013344883, 0.08936323518745463, 1.6726262765364228, 1.0310641699830179, 2.361823760204934, -0.3239972255945102, 1.035023066376383, 0.9287469582172192, 1.4678046543381884, 3.095154918632941, 1.0258373130299285, 2.9995324601247133, 1.0915911084452123, 2.0048469387957057, -0.054647213183575655, 2.166166568868505, 0.058695396467688635, 1.7917209595087094, 0.06461564052067185, 0.5657451209293074, 1.8019167460953238, 0.3303152833420309, 2.0058088315517955, -0.07153460945400096, 1.7546182428920838, 1.486482987007351, -0.22008787604668795, -2.04854858079846, -0.5460548488032027, 1.332920710825553, 0.8344449487890915, 0.09009362009230541, -0.38911400219154274, 0.4416369254936401, -0.3614996536557309, -1.0825223030171323, -0.0738158630688243, -0.10590890523751903, 0.3349000656478482, 1.3924027242444996, -0.5104937905912335, -0.20967272877411253, 0.07175327976115341, 2.535721218268602, -1.7124483711717116, 1.7277158769154586, 0.6049402956325495, -1.225634086690494, -1.5615728564696607, -1.4554032733359972, -0.5994900651923747, 0.19274825534390477, 0.2720807277362068, -2.2052292273009955, 1.3585379120532894, 0.7468178077838817, -1.3822033955921444, 0.23928244674669863, -0.6794690255997434, -0.735816549455425, 0.3466385945452781, -1.1117733661081746, -0.42071006900935803, -0.7712736728487033, 0.21470382576634928, -0.10639136017594288, 1.2150679273050493, -0.332753691139277, -0.4760756395046854, -0.4885034679047823, 0.3856453343326641, -1.1308536688276707, -1.401506346303025, 0.2610764728445986, -0.11454804814761872, -1.6941068664516465, -1.3193418342948833, 1.1672131146847304, -0.8495590246830463, -0.445065619285655, -0.4461280184775183, -0.08920574013950017, 0.16305590747375934, 0.3148612611186274, -0.7664758902035703, -0.5569164350920831, -0.08290545467436274, -0.538322938067483, 0.5249433515066658, 0.5147233074962299, 1.1521475208954128, -0.5446055442465991, 0.7115486091699037, -0.8058861534564611, 0.7100753029100987, -0.01216324430786902, 1.1377242792618751, 0.18057822798627657, 1.4438770563121128, -1.9780688065430856, 2.27369589639723, 0.8259757159210409, 1.0696991612616291, -1.4647851050978706, -2.3480244585333265, 0.9413448412866444, 0.5371831901690202, 0.299064179315238, 0.3757581912876287, -0.8171804405078605, -0.418160072843568, 0.38346408243291075, -1.2908332076261202, 1.0411936059936626, -0.46638747331509056, 0.6965353963152067, 0.9953024608180473, 1.0534304232482705, -0.16853249391805997, 0.3757581912876287, 1.1929813866964034, 0.06040464918515239, -0.49849391463748194, -1.4753008517982935, 0.7806539982322409, -0.4082265632072313, -0.6747408047446304, -0.09263567364260757, -1.1805304838972681, -2.0768406924182736, 0.8512317626897257, -0.23383253561287914, -0.14859884026448716, -0.8063048571455976, 2.235935192275857, -0.8279799526500146, -2.0776086999709067, 0.26896636813449304, -1.0864179948827626, 0.37073065247671183, 0.9283331812622205, -0.19570613938043777, 0.012467208791030904, -0.8562022461661761, -2.0777540234185854, 0.06086645935268395, -0.37849060403613416, -0.8496637740434951, 0.2643806333268016, -1.8496301974020644, -0.943150440247613, -0.8840994736877286]","['v84', 'v52', 'v92', 'v94', 'v1', 'v46', 'v56', 'v59', 'v101', 'v90', 'v2', 'v41', 'v3', 'v4', 'v5', 'v6', 'v7', 'v8', 'v9', 'v10']","[np.float64(0.09186127121455774), np.float64(0.07752050187349226), np.float64(0.07112374654877547), np.float64(0.06697779292789925), np.float64(0.05311244943719205), np.float64(0.018300379710906856), np.float64(0.016457167757616447), np.float64(0.015139891333170272), np.float64(0.012890365055714842), np.float64(0.011742152137384608), np.float64(0.008238367328061238), np.float64(0.00044112583438675484), np.float64(0.0), np.float64(0.0), np.float64(0.0), np.float64(0.0), np.float64(0.0), np.float64(0.0), np.float64(0.0), np.float64(0.0)]",5.155203266204479,5.3370515629108315,5.239997337620735,1.439329081012452,1.6877534463104733,1.8564587427889943,1.7288333610270568,6.195742744940111,6.4942299012071505,6.378221471627845,1.821393677307484,1.8141415152550435,2.3777324097751804,2.19294811882052,1.2162380421146965,1.239526555444795,1.2448560179715522,0.05077249729138444,0.02261311432844404,0.077036655703462,0.048487604395812456,5.019134841537523,5.019134841537523,4.991919811726076,1.3223581052193736,1.6216427387495045,1.6776073622969048,1.5909379865636053,1.295136662804091,1.415364520462894,1.328207113803984,0.41752281589324364,0.4415456390286627,0.7090620372249461,0.731352660614478,1.2148902679933107,1.404078839472487,1.1791412816559461,0.21312459295742953,0.2179522891943132,0.27020680975357075,0.2705216101130625,False
m681,m305,"['490', '491', '492', '493', '494', '495', '496', '497']","['514', '515', '516', '517', '518', '519', '520', '521', '522']",m681,m305,False,0,lasso_no_out_standard_k20_lda_nc2_sex_on,lasso,lda,,standard,20,2,65,8,9,True,0.013744175434112549,0.9862558245658875,0.004385875537991524,0.9956141710281372,0.5238365530967712,0.47616347670555115,-3.643640690028577,-0.6605990520120595,1.214814345263669,-1.8566384248652956,0.047436969825144705,0.057277443333031634,"[-3.773373927193468, -4.8582267231242575, -2.3068267671122396, -2.858423212174912, -3.5813790966011676, -3.358735371667265, -5.077075939531352, -3.3350844828239503]","[-1.8464972280966083, -0.4465369202231288, -0.49847103367068135, -0.014292223214046799, -1.0909682617452598, -0.6987389812178707, -1.5499413067060297, 0.8606535387771501]","[0.9030328928554506, 1.1240553829862563, 1.19619573288123, 2.004182197470337, 1.0170821935150922, 0.46348938224189407, 1.5862896816735748, 0.6849626452033906, 1.9540389985457962]","[-2.5826192238709655, -1.9513110740398802, -1.0302082361027283, -1.807080223843766, -1.3133372303557562, -2.5804717429169943, -2.384589812467204, -2.687273589200022, -0.372854690990341]","[0.45558387846241644, 1.4341443922351635, 0.6087557515702383, 0.5712280784012208, 0.7176688494838925, 2.1077052679192656, 0.2456684027037765, 1.7711003444650706, 0.3244592029237278, 0.02999114761655575, 0.9849726523225196, -0.6409388007891138, 0.08138432095655639, 1.9433401775645336, -0.2769554578554699, 0.5867433087267001, -0.260476362102097, -0.6128057816645892, -0.9345347980543646, 1.196212738933872, 1.8516111617451643, -0.06407590817326564, 1.5536968732913465, -0.3993878451946313, -1.8423924211003433, -0.1642238084489509, 0.14667671221895753, -0.9901950995277783, -0.47227564731166677, -0.3962374654869746, -1.1693421181409664, -0.007471408622015049, 2.0511941492420656, 0.8419341716392451, 1.710804671273255, -0.058615690896880734, 0.4805593736374302, 0.7869684091685343, 0.8387654740766818, 0.5025003815706628, -0.39387042706954867, 1.310527825230298, 1.0338662169689437, -1.0478693323072596, -0.027983076180186313, -1.329259509450172, 1.0768065204782733, 1.6197775983685476, 0.5586129715616097, -0.13568326539167117, 0.02731939128790827, -0.7623571091168206, -0.5167715887916597, -0.992628701342799, 0.4579450708836232, -0.2151842359719226, 1.179456628813431, -1.47109651666979, 0.33612723241124054, 0.7076744658727894, 0.002946931121086326, -0.5835276621442712, -0.3884375003596056, 0.8741155181033944, -0.30850200967092306, -2.2635955731631774, -1.1560133902502823, -1.5554335691643955, 0.581536227482764, -0.8172565554133148, 0.024147227378800415, -0.2572505669313112, -0.15414916469075196, -0.2963956748567139, -0.886403422889911, 0.5988289804258807, 1.5856151202825928, 1.0455498301554722, 1.0115483277929578, 1.566831852495541, -0.14585259658781913, -0.12123819773555355, 0.08604420387471329, 0.8612853603350737, 0.1726230435288119, -1.3070164600596264, 0.8161143995782214, -0.3485782975669045, 0.30202279804089205, -0.6068475682939231, 2.4948847695986602, 0.7170049509421477, 0.8566945330086303, 1.764179705928827, 0.8716598434255122, -0.6214004816262644, 1.1969486064889863, 1.0936193459415897, -0.016274953267391305, 0.2252444547267831, 1.104182156752593, -0.9498320165087188, -1.1819714286715455, -0.03041392634997653, 0.19953381471379472, -3.749021663239631, 0.34809972564279146, 1.72192101855657, -1.691026450087407, -0.7556666905828334, -1.0392826461722342, -0.1278632961855811, 1.3122015326512206, -0.6568487435499373, 1.3867526940464274, -0.15670504102669183, 0.7427242324559594, -0.6581329734290502, 1.3339141895025266, -1.5378958132536114, -0.3093196367391714, 0.12722505757736843, 0.5472055829822277, -0.20893842221259717, 1.6321437456627375, -2.0503571353328134, -0.37160784610047914, 1.2708998450684335, -0.5273436476196863, 0.14481310153204324, 1.13548169823263, -1.160196941190246, -1.183936157104552, -2.1614316576446027, 0.16148540639429176, -0.522804787739894, -0.6472622560435195, -0.0632026836889151, 0.30898393674703223, -0.43629934142987403, 0.9125030573142959, 1.3936267432120641, -1.6429407904490156, 0.13610980244468743, 0.8334703085288309, 0.3154218775698299, 0.13357563640488554, -0.14277348920076585, -0.7021930606028107, 0.5309921059661614, 0.6828985535746199, -0.0787427438801228, -0.4613563707909205, -0.7764864830699094, 0.40307060836094877, 0.8487142437233774, -0.6000514794765722, 0.6885087413743582, 1.7573830167032591, 0.04479823464582426, -1.0230482942329466, 0.36477461785377824, 1.1113954497359722, -0.33972811576064227, 0.7666381712339362, 0.18338054339988202, 0.4190976896808649, -0.7696292626179579, 0.7833868405225385, 0.3216337947418064, 1.123103894956933, -1.3945674573066156, -0.41795469677625763, -2.4571561235978243, -0.35034899652922263, -0.8342459199245816, 0.007830832403927224, -0.0784293752600916, -0.9870178326675252, -1.0283090745557724, -0.6363967483971967, 0.04644529219248966, -0.09234979495310189, -0.4104833351084392, 0.5911462939436722, 0.33235839906210296, -1.3019180830473527, -0.37257528356025327, 0.8740860897056395, 1.1974918534016603, -0.4204195675602574, -1.3885651893745043, 0.6727636332925, -1.2977728753020197, 0.008682852960767649, 0.40047973284427757, -0.14571154508828615, -0.028459708201031324, 0.7073690280056132, 0.14780922195242743, 0.10165757700393063, -1.528462164166594, 0.40009252209345586, 0.9950632417135175, 0.6020561610528055, -1.385282178196291, 0.7009475897681996, 1.189397981215502, 0.28591326508735204, 0.13264438929733283, 0.06470739708412729, 1.1112523513953694, -0.011705802539532411, 1.7083066488680898, 0.39794057890764756, 0.3084346470280584, -0.9621016067958106, -0.12374355265785593, 0.776969735162195, 0.7672682566535796, 1.673621693100867, -0.13308095228255407, -0.04796399694527107, -1.0771000583409973, 1.0587141361810974, 0.2829799109522559, -0.3514320996640373, 2.3184570655762675, -0.8208245925489754, -1.1732869383273037, 1.2242419024261952, -1.332304801163206, -1.218435653224517, -0.021443563193636512, 0.15925356970876542, -0.8479628927501871, -1.6374522757211303, -1.8849541886826935, -0.3975912499337166, -0.8532022992712036, -0.9928098198822405, -0.9833424368644736, -1.280025416882227, -1.9450219609979353, -0.24783455929429435, -1.3295864108237923, -1.1869156956131168, -0.2585237806382767, 0.2439608251929997, -0.15821453693563642, 0.08505711745917363, -0.517662875259541, -0.7588082547065986, -0.2787599637323111, -0.18732745627272349, 2.411429362745266, -0.9193502276470171, -3.287918611002226, -1.6950078604967516, -2.412309888807061, 0.04839253818584491, -1.9128616127084956, -1.0275781471466767, -0.3869182917307947, 1.3931229702573875, -2.746113957830181, -0.29132132018893264, 1.4654340001259079, 0.2234997110218415, 0.4411212164335827, 1.2722267228630224, 0.9969747194268839, -0.14176954247703333, -0.20917161538936369, 0.10117484783346237, -0.944633394256584, 2.5196290810960624, -0.28576680127784243, 0.6515752294128535, 1.524147097096875, 0.3720169345062672, 1.1176481210333542, -1.1491943297732836, -1.1744957290042282, -0.8079591406542052, 2.333635442667418, -1.7516657485841, 0.9040586362804045, 0.4986019405356839, -0.19972353375407645, 1.0636528777455456, 0.21392017002875405, 0.5490867696961654, -0.06624699491822442, -1.1971260024909318, -0.19997547626305234, -1.1997995571878495, -0.7055957289569139, -0.0450210493976397, -0.11346435410986477, 1.2389495633255867, 0.3643434395270654, -1.102704960993199, 0.044584520989878806, -1.0855469429107407, 0.17170784050657903, -1.5940466446858992, 0.6742973708207526, 0.8409146488128517, -0.33179843424967104, 0.18714123725196846, -0.39946552794741746, 1.0777057577827276, 0.6907750633880961, 1.0598775435248236, 0.2758587587422413, 0.8154593331479156, -0.0037219458047893215, 1.2153070080858912, 0.4936318757069817, 0.47600709654804907, 0.31820338871069814, 0.3083512332805418, 2.442375806988315, -1.7284260538861567, 1.0897755170753292, -0.3986704893101746, 0.9940782682411635, -0.632012820769157, 1.4429850561373267, -0.05016387875687073, -0.7139796131532244, -0.03615341010022954, 0.21279835116375295, -1.104999695551021, 0.213165819630192, 0.7639767766012467, -1.2387106012940197, -0.9891737686409474, -1.0315274768865548, 0.1400332838317728, 0.3834141802284646, -0.8512413147139921, -0.8749180623681162, 0.3101532987536082, 0.11787721231214289, 1.563181387432707, -0.8659393165117212, -1.9758509679972798, -0.6624846956471601, 0.15313020096253724, 0.1400332838317728, 1.2716893460544783, 1.1938475946900051, 0.968915315176165, 0.6901922298952566, -0.038422652186070654, 2.9673940158902337, 0.44319239460947946, 0.7635552056716495, 1.7595866557514521, 1.5290278008200917, -0.7128108735435117, -0.7814640683828844, 1.4382729780822454, 1.3487017743104097, -0.5756691761609538, 0.11779050777552132, -0.3031554621623062, 0.28892162644878705, 1.4161801351131764, -0.3899912411927411, -0.5394783990855497, 0.7931032743781018, 0.30376899008821934, -0.02233936348323938, -0.17662325894822753, 0.7485847525204833, 0.9186177404432776, -0.03362856199290695, 0.3850291732400578, 0.32245862850544843, -1.0754103126446735, 1.035322315063309]","[0.22217535083419676, 1.380715385140338, -1.4476543838289897, 1.1137770220103937, -0.17352948011049724, -1.5225650053149744, 0.40838889165264475, 0.5875587829519184, 1.8359175951155668, 1.4161142022582685, 1.0634436130190543, 1.1617509272886748, 0.17063886490201705, -0.6521768952222148, 0.8748005921358613, -1.3967173918114837, 1.479881722381146, 1.205939768236762, 1.71255017677946, 0.5612974232030061, 0.7916423158931856, 1.121317537974244, 1.2900264507174175, -0.8777200979199946, -1.483251056020769, 0.33502652462079513, -0.966077257952035, 1.5777675973787209, 1.3124935234066053, 1.384560472494993, 1.0199707502684905, 1.4440481502618585, 0.879844781504201, -1.1967434351626478, 0.20458013277047293, 0.9726727216252904, 1.2840264460930995, 1.093621702709336, 0.9911456881276965, -0.07114941828131027, 0.833427939815477, 0.03892129895176163, 0.5111964767934554, 0.8092954108515418, 0.6474944007965845, 0.7972459106313443, 0.6705136131770225, 0.6444709094021583, 1.7643457337082347, 0.9635204226408527, 0.24502818287069758, 0.6163808091978364, 0.6715593846948869, -0.45301018677723565, -0.3651104709996218, -0.1996668635422912, -0.33244907587345146, -0.6783893288529388, -0.29579134870375484, -2.0820425633212296, 0.5239956048710899, -0.9424894705637252, 0.38847692562611696, -0.4501434967163977, -1.2433379480662201, -0.22913112075777456, -2.6101716439266442, -1.009346819262143, -1.2514153691276544, -0.49863105684043557, 0.284014510334331, -1.6258753288401926, -0.6435105895578895, -0.0896541313141321, -1.1670266198426913, 1.1935932042723265, -0.049037348349999406, 0.387118104820761, 0.45726523422683096, 0.3856151807225124, 1.2550469929373163, 0.6395488640535631, 1.4295807220419203, 0.1620821858798552, 1.5735841426896466, -0.08495982613202456, 1.0505224651738836, 1.090960841310045, 0.9833260402335826, 0.46716214468004086, 0.1662662963664333, -0.41769831843578376, 0.4742799896549941, -0.12424335455814856, -0.4441716948944765, 1.0236399172697965, 0.32600051702991545, -1.250919457266072, -0.6576879367192427, -0.02232229373371562, -1.182558583241111, -0.8038763264402564, -0.9855654160057699, -0.19133510883263735, -2.1750244587730436, -0.829879887383169, -0.24093629414410497, 0.11925515174816907, 0.2537166693630704, -0.3879468417431853, -2.141744439455725, -0.38080798950861494, 0.18216853577149011, 0.32711259127394987, -1.3886707741038604, 1.1590015089471333, 1.064953428426645, 1.3887155884201918, -0.4548795689868295, -1.0101852761706405, -0.9565607989898833, 0.13721452139260312, -0.3513290527167179, 0.10766974042933532, -0.12458763493016445, -0.8061629413655843, -1.0043168005038134, 0.6129752250823877, -0.9152460935830594, 1.065855479544593, 0.06218799763717694, -0.29776681746629036, 0.023637457235498805, -0.07790989848600274, 0.12509601045486599, -0.7208843094342683, 0.20817428581653125, 0.7489005150569676, -0.3387915787242389, 1.6323376165468315, 0.76869730618374, -0.1349005391226895, 1.6030720639198004, 1.2740578297546974, -0.2755782291270193, 0.5934404205171204, 1.632411937045153, 0.6374808657781428, 0.9332220761745608, -2.640016288909054, 1.3057514430934605, 0.4503767939969638, 0.9028697281737504, 1.0199066340379557, 0.17905272279531187, 0.3944237830659435, 1.2604195234331375, 0.9142057077144631, -0.25558276961690274, 1.2652953933612052, -0.3210005821595099, 1.1340368505564842, -0.743175332324033, 1.5391954945728366, 0.7462226499160014, 1.307865599032633, 1.554676853434496, 2.1963139555058513, 0.3211445674447571, 0.365632577132649, -0.7162246223767529, -2.478766757384443, 0.477568533636326, 1.3796246534016328, 0.48695791451900605, 0.13014877705506422, 0.7114128960181114, 0.4194291922552364, 0.9641398169501869, 0.6894514117461344, 0.6821135021274076, 0.47346787923609557, 0.6937598412829923, 1.0600326566220373, 1.736943073983936, 0.8182258441606187, 1.2856417873987969, -0.13052818735958313, -1.786221558971056, -1.1614970686209658, -1.623088638210272, -0.9068178519245065, 0.3675590079408514, -0.6791516132546072, -1.5154876607988592, -0.4274047241368025, -1.909882579386942, -0.0031939501270221472, -0.8302170232543116, -1.1801885285160423, -0.22460036711788348, -1.1751313766704536, -1.143149883873694, -0.3886915263521263, -1.661701181968137, -0.8001689266458787, -1.2610852615813684, -0.5063816744640086, 0.15438916465714353, -1.2735169804600759, -1.9432633455167967, -0.5516713119838899, -1.8833884259606817, -0.31030109679017454, -1.211782849743102, -0.07376900399129237, 0.2418446943007634, -0.19310477160469494, -0.5556947180959463, 0.28488982751280684, -1.3471407903860504, -2.2211723316273186, -2.4214861931758342, -1.6463490791027964, -0.5240720273606894, -2.062801243533106, 0.03126648628669257, -1.2733129790568682, 0.78659453298683, 0.8800314302703004, 0.8356354006674493, 2.346238025679076, 0.5681322533609434, -1.8638752035126693, 0.8993268845838479, 0.9556206409997825, 1.38181261804187, 0.3007388695923807, 0.35638871621317914, 0.7121664942885253, 0.8191774424381364, 0.8473262925291994, 0.8529728482412902, 1.6850261671435434, 1.2731542963266267, 1.1183156846351727, -0.6690897912866207, 0.3862625736189525, 1.1648063326439368, 1.2362544881685964, 1.4770142294136603, 1.0151669429178733, 0.9602528660005006, 1.3015672996559675, 1.4791057486364299, -0.012751343258083728, -1.1140592622706829, -0.35987522620582324, -1.4081890512240762, -1.4014592271800186, 0.16576277953149757, -0.4042592513400691, 1.3591225242365725, -0.21564034196717205, -0.04602502866493948, -0.9339386331571311, 0.575418296349804, -1.5444990175835913, 0.16254705252533644, -1.0104037345040684, -0.9415323860239964, -0.35781964452751713, -0.5478443680922086, 1.1914672184060955, -0.7324909734493211, -1.4314452304045622, -0.4095941452001818, 0.0700937778839756, -1.2337992106205449, -0.981391361707284, 0.6898886636885913, -1.1158158567654755, 0.5751647814033988, -0.19491917436675554, 0.48717281255519523, -0.6910603268413813, 0.07373218706172142, -0.3581274100945926, 0.46111159015014735, 0.2059289222555065, 0.6442451480082474, -0.13318662805154038, -1.0123449936112898, -1.944602581756595, -0.876597114682506, -0.5985839730547325, -1.6536151726710224, -1.0013949920063498, 0.4473652987610369, -1.0439204746814164, -1.1722330820057634, -0.5366003269691282, -0.3206222170897577, -0.657389535924718, -0.9303893130180151, -0.36556243260930105, -2.05450144733644, -1.6099513750638947, -0.42662625019442585, -0.21149944381798813, -1.2251503756252373, -0.41847003770925945, 0.26622190874409324, -0.7531009390925995, -0.2900317997178312, 1.253568834171358, 0.26276729498214385, 0.7467720703177003, 0.7627531373446409, 0.7259432730635403, -0.25496470033404606, 0.8138357940785615, 1.454776115869586, 0.6732160981427788, 0.5219581866174953, -0.15179469112453162, 0.39226419717861283, 0.9756203511189206, 0.7875851559625919, -1.646763423063582, -1.1285107355861392, 0.9716756006975863, 1.1918033046001073, 0.38100104850688554, -0.7046020067256841, -0.30650159027909235, -2.5539731936050183, -0.4110987362152382, 0.2378999865216985, -0.9867578723302413, 0.061569191220989875, -0.03906651623827805, -0.6647393508165874, -0.5453821862537499, -0.31075125639868106, -1.583122526599024, 0.9226515851476891, -1.3104387157684576, 0.8454839379405186, -0.8002868188732939, -0.6930947847316046, 0.061569191220989875, 1.0594990286230566, 1.997051677645482, 0.29788299841496224, -0.3771267351819033, 1.2906961860673734, 0.8892107691861839, -0.671503091704554, 0.5973797110204727, 1.3371939471155487, -1.2226666213075257, -0.006660843990915833, 1.402941507819989, -0.6370497426505178, 0.7330171447271951, 1.8551806607433823, 0.8426821832758815, 0.5428629343375835, 1.282061550423472, 0.8131967412066532, 0.5076110391325276, -0.46766156920370766, 0.1195250374965004, 1.56843609814531, 1.0773708926689918, 0.6803374315334936, 0.4931177708507121, 0.9437026263600241, 1.5264672454299786, 0.8571097262857829, -0.6186953191542002, 1.6790487326696122, 0.016060214330532598]","['v1', 'v92', 'v12', 'v46', 'v88', 'v58', 'v62', 'v105', 'v95', 'v14', 'v2', 'v3', 'v4', 'v5', 'v6', 'v7', 'v8', 'v9', 'v10', 'v11']","[np.float64(0.15774123754565675), np.float64(0.0887253078151312), np.float64(0.0837044778421546), np.float64(0.0775382274678009), np.float64(0.06395032916911751), np.float64(0.041016456042067224), np.float64(0.0356954659813685), np.float64(0.024563682332704666), np.float64(0.005493961723194184), np.float64(0.0021855422380909094), np.float64(0.0), np.float64(0.0), np.float64(0.0), np.float64(0.0), np.float64(0.0), np.float64(0.0), np.float64(0.0), np.float64(0.0), np.float64(0.0), np.float64(0.0)]",5.003508320306037,5.145803040893643,5.036701952512857,1.6686445485541377,1.5620527181607917,1.2294193366318102,1.1764227595254677,6.054494408145482,6.223938540153848,6.23494944463308,2.1317905920504567,1.9379744279680877,1.585684144879596,1.4826058646106102,1.389459224054053,1.4033543880852202,1.4054404748335931,0.045884202498997974,0.02119065517321339,0.13067377724083604,0.05764141341465839,4.858455035292246,4.858455035292246,4.741504654534911,1.4984632072922204,1.4332537339773541,1.1023000701808239,1.0291762930333461,1.4751396655419768,1.5309820272258827,1.5196493159475284,0.7878818237707813,0.8522717377030384,0.5699441193156676,0.5376894401229131,1.224103575383138,1.4667066741937065,1.212353192348205,0.24957644797083428,0.2347128721801941,0.26701968387065755,0.24950789115736555,False
